{"prediction": [[[0.9999950000250003, 9.999950000250002e-07, 9.999950000250002e-07, 9.999950000250002e-07, 9.999950000250002e-07, 9.999950000250002e-07], [0.9999950000250003, 9.999950000250002e-07, 9.999950000250002e-07, 9.999950000250002e-07, 9.999950000250002e-07, 9.999950000250002e-07], [0.9999950000250003, 9.999950000250002e-07, 9.999950000250002e-07, 9.999950000250002e-07, 9.999950000250002e-07, 9.999950000250002e-07], [0.9999950000250003, 9.999950000250002e-07, 9.999950000250002e-07, 9.999950000250002e-07, 9.999950000250002e-07, 9.999950000250002e-07], [0.9999950000250003, 9.999950000250002e-07, 9.999950000250002e-07, 9.999950000250002e-07, 9.999950000250002e-07, 9.999950000250002e-07], [0.9999950000250003, 9.999950000250002e-07, 9.999950000250002e-07, 9.999950000250002e-07, 9.999950000250002e-07, 9.999950000250002e-07], [0.9999950000250003, 9.999950000250002e-07, 9.999950000250002e-07, 9.999950000250002e-07, 9.999950000250002e-07, 9.999950000250002e-07], [0.9999950000250003, 9.999950000250002e-07, 9.999950000250002e-07, 9.999950000250002e-07, 9.999950000250002e-07, 9.999950000250002e-07], [0.9999950000250003, 9.999950000250002e-07, 9.999950000250002e-07, 9.999950000250002e-07, 9.999950000250002e-07, 9.999950000250002e-07], [0.9999950000250003, 9.999950000250002e-07, 9.999950000250002e-07, 9.999950000250002e-07, 9.999950000250002e-07, 9.999950000250002e-07], [0.9999950000250003, 9.999950000250002e-07, 9.999950000250002e-07, 9.999950000250002e-07, 9.999950000250002e-07, 9.999950000250002e-07], [0.9999950000250003, 9.999950000250002e-07, 9.999950000250002e-07, 9.999950000250002e-07, 9.999950000250002e-07, 9.999950000250002e-07], [0.9999950000250003, 9.999950000250002e-07, 9.999950000250002e-07, 9.999950000250002e-07, 9.999950000250002e-07, 9.999950000250002e-07], [0.9999950000250003, 9.999950000250002e-07, 9.999950000250002e-07, 9.999950000250002e-07, 9.999950000250002e-07, 9.999950000250002e-07], [0.9999950000250003, 9.999950000250002e-07, 9.999950000250002e-07, 9.999950000250002e-07, 9.999950000250002e-07, 9.999950000250002e-07], [0.9999950000250003, 9.999950000250002e-07, 9.999950000250002e-07, 9.999950000250002e-07, 9.999950000250002e-07, 9.999950000250002e-07], [0.9999950000250003, 9.999950000250002e-07, 9.999950000250002e-07, 9.999950000250002e-07, 9.999950000250002e-07, 9.999950000250002e-07], [0.9999950000250003, 9.999950000250002e-07, 9.999950000250002e-07, 9.999950000250002e-07, 9.999950000250002e-07, 9.999950000250002e-07], [0.9999950000250003, 9.999950000250002e-07, 9.999950000250002e-07, 9.999950000250002e-07, 9.999950000250002e-07, 9.999950000250002e-07], [0.9999950000250003, 9.999950000250002e-07, 9.999950000250002e-07, 9.999950000250002e-07, 9.999950000250002e-07, 9.999950000250002e-07], [0.9999950000250003, 9.999950000250002e-07, 9.999950000250002e-07, 9.999950000250002e-07, 9.999950000250002e-07, 9.999950000250002e-07], [0.9999950000250003, 9.999950000250002e-07, 9.999950000250002e-07, 9.999950000250002e-07, 9.999950000250002e-07, 9.999950000250002e-07], [0.9999950000250003, 9.999950000250002e-07, 9.999950000250002e-07, 9.999950000250002e-07, 9.999950000250002e-07, 9.999950000250002e-07], [0.9999950000250003, 9.999950000250002e-07, 9.999950000250002e-07, 9.999950000250002e-07, 9.999950000250002e-07, 9.999950000250002e-07], [0.9999950000250003, 9.999950000250002e-07, 9.999950000250002e-07, 9.999950000250002e-07, 9.999950000250002e-07, 9.999950000250002e-07], [0.9999950000250003, 9.999950000250002e-07, 9.999950000250002e-07, 9.999950000250002e-07, 9.999950000250002e-07, 9.999950000250002e-07], [0.9999950000250003, 9.999950000250002e-07, 9.999950000250002e-07, 9.999950000250002e-07, 9.999950000250002e-07, 9.999950000250002e-07], [0.9999950000250003, 9.999950000250002e-07, 9.999950000250002e-07, 9.999950000250002e-07, 9.999950000250002e-07, 9.999950000250002e-07], [0.9999950000250003, 9.999950000250002e-07, 9.999950000250002e-07, 9.999950000250002e-07, 9.999950000250002e-07, 9.999950000250002e-07], [0.9999950000250003, 9.999950000250002e-07, 9.999950000250002e-07, 9.999950000250002e-07, 9.999950000250002e-07, 9.999950000250002e-07], [0.9999950000250003, 9.999950000250002e-07, 9.999950000250002e-07, 9.999950000250002e-07, 9.999950000250002e-07, 9.999950000250002e-07], [0.9999950000250003, 9.999950000250002e-07, 9.999950000250002e-07, 9.999950000250002e-07, 9.999950000250002e-07, 9.999950000250002e-07], [0.9999950000250003, 9.999950000250002e-07, 9.999950000250002e-07, 9.999950000250002e-07, 9.999950000250002e-07, 9.999950000250002e-07], [0.9999950000250003, 9.999950000250002e-07, 9.999950000250002e-07, 9.999950000250002e-07, 9.999950000250002e-07, 9.999950000250002e-07], [0.9999950000250003, 9.999950000250002e-07, 9.999950000250002e-07, 9.999950000250002e-07, 9.999950000250002e-07, 9.999950000250002e-07], [0.9999950000250003, 9.999950000250002e-07, 9.999950000250002e-07, 9.999950000250002e-07, 9.999950000250002e-07, 9.999950000250002e-07], [0.9999950000250003, 9.999950000250002e-07, 9.999950000250002e-07, 9.999950000250002e-07, 9.999950000250002e-07, 9.999950000250002e-07], [0.9999950000250003, 9.999950000250002e-07, 9.999950000250002e-07, 9.999950000250002e-07, 9.999950000250002e-07, 9.999950000250002e-07], [0.9999950000250003, 9.999950000250002e-07, 9.999950000250002e-07, 9.999950000250002e-07, 9.999950000250002e-07, 9.999950000250002e-07], [0.9999950000250003, 9.999950000250002e-07, 9.999950000250002e-07, 9.999950000250002e-07, 9.999950000250002e-07, 9.999950000250002e-07]], [[0.9999950000250003, 9.999950000250002e-07, 9.999950000250002e-07, 9.999950000250002e-07, 9.999950000250002e-07, 9.999950000250002e-07], [0.9317275880632913, 0.03577832220416257, 0.022540414990164966, 0.003493339647583867, 0.006459327377910019, 1.0077168873846138e-06], [0.8825971066568087, 0.058502397185300634, 0.03952151068483194, 0.00608395836038298, 0.013294023261647296, 1.0038510284890597e-06], [0.03723235052237577, 0.05828890222517941, 0.04601178142474766, 0.00601411781292814, 0.8524518441637405, 1.00385102848906e-06], [0.8481598395531994, 0.07352249310998218, 0.05073529471117461, 0.008237831063826896, 0.019343537710788394, 1.0038510284890597e-06], [0.04954379740161826, 0.08629712223035797, 0.0696148546697191, 0.009987870824985139, 0.784555351022291, 1.0038510284880371e-06], [0.7080728267549039, 0.12306294072270699, 0.1175958346064352, 0.016305747594666006, 0.03496164647025962, 1.0038510282234721e-06], [0.6381045568819858, 0.14423163233622188, 0.15394703853840241, 0.021512292262273414, 0.042203476130088284, 1.0038510282224493e-06], [0.6010283831161479, 0.16084656514508625, 0.16736434237513417, 0.024282961554791302, 0.04647674395781199, 1.0038510282224491e-06], [0.5871866706733085, 0.1688681358953037, 0.17032895091323869, 0.025263929576944316, 0.04835130909017655, 1.0038510282224491e-06], [0.6010272484711942, 0.16084769979004013, 0.1673643423751342, 0.024282961554791305, 0.046476743957812004, 1.0038510282224493e-06], [0.6377565564651364, 0.14454383816291058, 0.1539727532532684, 0.021515663672337277, 0.04221018459531906, 1.0038510282224491e-06], [0.6965248223238674, 0.12804752054673718, 0.12443214786225615, 0.017202203327015254, 0.033792302089095824, 1.0038510282224493e-06], [0.7089446316023179, 0.12387016137325615, 0.11759641355247835, 0.016317216530321234, 0.03327057309059816, 1.0038510282224493e-06], [0.7463625757181251, 0.11118385792190576, 0.09928984179364819, 0.013945927404793704, 0.029216793310499013, 1.0038510282224491e-06], [0.048066816792354194, 0.08283218178053925, 0.06687431617286034, 0.009498912778255162, 0.7927267686249628, 1.003851028222449e-06], [0.813256001634471, 0.08833088115753261, 0.0678189622936617, 0.01014420259985853, 0.020448948463447896, 1.0038510282224493e-06], [0.7915681544722077, 0.0975623968731114, 0.07912608417753392, 0.011412939644274825, 0.020329420981843985, 1.0038510282224493e-06], [0.7492429492251507, 0.1112407171316567, 0.09933720615032161, 0.013953320746767264, 0.026224802895075557, 1.0038510282224491e-06], [0.7080882565868679, 0.123866877847018, 0.11759690970398862, 0.016306364841041494, 0.03414058717005566, 1.0038510282224493e-06], [0.07003459824806901, 0.1329134960558794, 0.12442086903277348, 0.014785647094360678, 0.6578443857178892, 1.0038510282234717e-06], [0.7084196966616708, 0.1234891731414495, 0.11759690999967018, 0.0163189316142766, 0.034174284731904425, 1.0038510284880374e-06], [0.7440618832396803, 0.11140266858723798, 0.09928984208560628, 0.013957573376079642, 0.03128702886036741, 1.00385102848906e-06], [0.04559335277306616, 0.08294538195248127, 0.06680872196641666, 0.00950123813993556, 0.7951503013170719, 1.0038510284880371e-06], [0.851389422210103, 0.0733807906046592, 0.050851594547404864, 0.008240604528175878, 0.016136584258628763, 1.0038510282234721e-06], [0.7893440689695985, 0.09734980615076508, 0.07912427621839224, 0.011393242135301539, 0.022787602674914427, 1.0038510282224491e-06], [0.06853971578143787, 0.12580625828892567, 0.11597652662114892, 0.014090331582986526, 0.6755861638744728, 1.0038510282224491e-06], [0.6350318201171881, 0.14453670232073063, 0.15394063620584103, 0.021797201447011975, 0.04469263605820009, 1.0038510282224493e-06], [0.5986021234062463, 0.16112387259520466, 0.16740548901550176, 0.02428306738508114, 0.04858444374693784, 1.0038510282224491e-06], [0.11010391538412302, 0.16439582432379696, 0.1809837242644417, 0.02499779418332728, 0.5195177379932827, 1.003851028222449e-06], [0.10650196832623339, 0.1630073580693597, 0.17034035143300283, 0.02427902896047019, 0.5358702893599055, 1.003851028222449e-06], [0.6316385339564342, 0.14456367835462416, 0.15395198214956743, 0.02150569908855102, 0.04833910259979501, 1.0038510282224493e-06], [0.06823073471765076, 0.12580522300690464, 0.11597652662114892, 0.014089208537603528, 0.675897303265664, 1.0038510282224491e-06], [0.7862761884858271, 0.09725477083841143, 0.07938115176703399, 0.011425256259009045, 0.02566162879869014, 1.0038510282224491e-06], [0.7109246805211166, 0.1233992320285712, 0.11763262202157668, 0.016311225696265363, 0.03173123588144204, 1.0038510282224493e-06], [0.6360255350603184, 0.14454823052051985, 0.15394703853840241, 0.021514300485228777, 0.04396389154450226, 1.0038510282224493e-06], [0.6004333559054658, 0.16143477458028768, 0.16736434237513417, 0.02428410396337471, 0.04648241932470935, 1.0038510282224491e-06], [0.58727045301982, 0.1689573654730434, 0.17015549829902774, 0.02554749725494149, 0.04806818210213922, 1.0038510282224493e-06], [0.6232308810902434, 0.18349118056056563, 0.1223757904791752, 0.02171581537030435, 0.049185324782824225, 1.007716887116976e-06], [0.9999950000250003, 9.999950000250002e-07, 9.999950000250002e-07, 9.999950000250002e-07, 9.999950000250002e-07, 9.999950000250002e-07]], [[0.9999950000250003, 9.999950000250002e-07, 9.999950000250002e-07, 9.999950000250002e-07, 9.999950000250002e-07, 9.999950000250002e-07], [0.8518130421739966, 0.07325054321195203, 0.050634231788803975, 0.008216419602689755, 0.01608475937152929, 1.00385102848906e-06], [0.7899261090900697, 0.1809992229573101, 0.0003478558480229576, 0.010563487222361051, 0.018162324882236222, 9.999999999980077e-07], [0.7454822878439181, 0.21446318381464852, 0.0001781916345099859, 0.012460464606588196, 0.0274148721003352, 9.99999999998004e-07], [0.7348848145250158, 0.2262869237873631, 0.0001963823068555748, 0.013141300398903665, 0.025489578981861976, 9.99999999998004e-07], [0.7335063582395731, 0.22641528759905108, 0.0002690889180564513, 0.01315491631898592, 0.026653348924333638, 9.999999997344496e-07], [0.620525650360243, 0.257449819412528, 0.00045379976177635696, 0.015128521949636507, 0.1064412085158846, 9.999999315607526e-07], [0.6278787234041414, 0.3132812602266587, 0.0005937912277252146, 0.018963966189408422, 0.03928125895213506, 9.999999312971985e-07], [0.595757459520333, 0.3392880159049365, 0.0006454624619003346, 0.021585755940582003, 0.0427223061723168, 9.999999312971983e-07], [0.2737519700834446, 0.49778830248709816, 0.0006568794338847205, 0.03097965821254922, 0.19682218978309204, 9.999999312971985e-07], [0.5957558267315922, 0.3389971842918095, 0.0006454624619003347, 0.02158579162202897, 0.04301473489273774, 9.999999312971985e-07], [0.5515663513153553, 0.3898150360969278, 0.0005938902573864458, 0.018987943216754642, 0.0390357791136445, 9.999999312971985e-07], [0.5497709041239206, 0.39025435554879234, 0.000480126750395192, 0.01896367288023515, 0.04052994069672564, 9.999999312971985e-07], [0.08729093288883555, 0.45784478980077725, 0.0004538017276799395, 0.018463326959951457, 0.43594614862282477, 9.999999312971987e-07], [0.6805971473419079, 0.2676619073726453, 0.0003833014865134126, 0.01578080668602926, 0.03557583711297288, 9.999999312971985e-07], [0.7414661412449866, 0.21843155201935963, 0.0002584664052151921, 0.012707568124354498, 0.027135272206152777, 9.999999312971985e-07], [0.5937495470061818, 0.36912327760544494, 0.00026210432170828944, 0.012710027913386698, 0.0241540431533469, 9.999999312971985e-07], [0.6331752425625208, 0.32304472214731134, 0.0003056490569112527, 0.014471573637661958, 0.029001812595663364, 9.999999312971985e-07], [0.6838287264233965, 0.2677796555460781, 0.00038348389087683823, 0.015787911484862163, 0.03221922265485526, 9.999999312971987e-07], [0.4906148394773484, 0.4520593331754207, 0.0004538036384036725, 0.018054907997060273, 0.03881611571183581, 9.999999312971987e-07], [0.08952827854470467, 0.3948967427374858, 0.0004800835782927362, 0.019479331392835697, 0.4956145637467496, 9.999999315607526e-07], [0.5746819549118449, 0.3544102299322801, 0.00045387210671690985, 0.02130916825487086, 0.04914377479428747, 9.999999997344498e-07], [0.08965890117034991, 0.3239357958149696, 0.0003833702136568029, 0.018792709084592227, 0.5672282237164316, 9.999999999980041e-07], [0.06708765709115878, 0.26154066793938646, 0.00025828224991447944, 0.015199803031074183, 0.6559125896884666, 9.999999997344498e-07], [0.8181497674896367, 0.15424898650038857, 0.00019676173828056873, 0.009270702785373671, 0.018132781486388975, 9.999999315607526e-07], [0.698494569910512, 0.2677021857036023, 0.0003056420942992892, 0.011132761398234959, 0.022363840893420184, 9.999999312971985e-07], [0.6151623978060324, 0.3335674913626203, 0.000447563398580108, 0.015404929897140296, 0.03541661753569553, 9.999999312971985e-07], [0.4757268557477057, 0.3897869235671656, 0.0005937665717713008, 0.09459233774918183, 0.039299116364244394, 9.999999312971985e-07], [0.44420007050548277, 0.41520985612170563, 0.0006456209212835181, 0.021878125345893975, 0.11806532710570282, 9.999999312971985e-07], [0.346372478827415, 0.49864931650155336, 0.0006979119166854489, 0.030978633301403647, 0.1233006594530113, 9.999999312971985e-07], [0.4411072722699352, 0.49057171458375587, 0.0006569233383034937, 0.021587747394182122, 0.04607534241389212, 9.999999312971985e-07], [0.08999988335397852, 0.39517423159864334, 0.000593810266012883, 0.01948298886451147, 0.4947480859169226, 9.999999312971985e-07], [0.5380089222588327, 0.3329803567543823, 0.000447563398580108, 0.015115198559868818, 0.11344695902840486, 9.999999312971985e-07], [0.05225253375478897, 0.19401649450616013, 0.0003066313449556987, 0.011410536709785857, 0.7420128036843782, 9.999999312971987e-07], [0.6158271876701263, 0.33326111755854065, 0.0004539411697249765, 0.015123749636689552, 0.03533300396498713, 9.999999312971985e-07], [0.09244690925116356, 0.3945694768950909, 0.0005937912277252146, 0.01948144782807493, 0.4929073747980143, 9.999999312971985e-07], [0.44103432850160135, 0.49088476762556515, 0.0006454624619003347, 0.02188173069735327, 0.045552710713648685, 9.999999312971985e-07], [0.27336898347116745, 0.49762181713237846, 0.001209300820611597, 0.10660733666407014, 0.12119156191184105, 9.99999931297202e-07], [0.6497211353280348, 0.1437015044181883, 0.14409114199368667, 0.02169951142488898, 0.04078570298424178, 1.003850959523617e-06], [0.9999950000250003, 9.999950000250002e-07, 9.999950000250002e-07, 9.999950000250002e-07, 9.999950000250002e-07, 9.999950000250002e-07]], [[0.9999950000250003, 9.999950000250002e-07, 9.999950000250002e-07, 9.999950000250002e-07, 9.999950000250002e-07, 9.999950000250002e-07], [0.04802834515156451, 0.08292667849823641, 0.06680872196750358, 0.009500431089783606, 0.7927348194418834, 1.0038510284890597e-06], [0.6923193830460248, 0.2567535043256182, 0.00025828251353663876, 0.014991156609326383, 0.03567667350549398, 9.999999999980041e-07], [0.08200777699289599, 0.29989137286845574, 1.0000147170647295e-06, 0.01719861291049462, 0.6009002371987195, 1.0000147170647295e-06], [0.08466305996776773, 0.31346385898407225, 1.0038213646559199e-06, 0.01790700311537163, 0.583964070290059, 1.0038213646559199e-06], [0.6545874161000386, 0.2919587002613048, 1.0000147165355755e-06, 0.017091845289554427, 0.036360038319668865, 1.0000147165355755e-06], [0.6323150952555951, 0.3237797264360498, 9.999998625943987e-07, 0.014511348008999132, 0.02939183029963065, 9.999998625943987e-07], [0.5677977267288289, 0.3770685764632715, 9.999998620652608e-07, 0.018058066269263432, 0.03707363053891221, 9.999998620652608e-07], [0.4560505819985673, 0.4811263059393055, 9.999998620652608e-07, 0.020471464855627577, 0.042349647206775566, 9.999998620652608e-07], [0.4436514294192843, 0.4917765561108292, 9.999998620652608e-07, 0.021571125116111912, 0.04299888935405055, 9.999998620652608e-07], [0.532748155166886, 0.3302992097435246, 9.999998620652604e-07, 0.020482609673917317, 0.11646802541594786, 9.999998620652604e-07], [0.45608021333198434, 0.48100683661855403, 9.999998620652608e-07, 0.02048392180086668, 0.042427028248870916, 9.999998620652608e-07], [0.4422475867547855, 0.4923905235875794, 9.999998620652608e-07, 0.02157273107890443, 0.04378715857900662, 9.999998620652608e-07], [0.09240371100304529, 0.4886719155436036, 9.999998620652608e-07, 0.020887096545051387, 0.3980352769085756, 9.999998620652608e-07], [0.08699316941996468, 0.3829855744016995, 9.999998620652608e-07, 0.018456259886519548, 0.5115629962920923, 9.999998620652608e-07], [0.6312415991718695, 0.32339658412485167, 9.99999862065261e-07, 0.014487424254107248, 0.03087239244944743, 9.99999862065261e-07], [0.682996247858168, 0.2687258719102237, 9.999998620652608e-07, 0.01577966513899847, 0.03249621509288569, 9.999998620652608e-07], [0.568017949210456, 0.376892520329307, 9.999998620652608e-07, 0.018045872508700152, 0.03704165795181272, 9.999998620652608e-07], [0.6268457743810123, 0.3152007503437089, 9.999998620652604e-07, 0.01896250578230844, 0.03898896949324609, 9.999998620652604e-07], [0.45733875098494603, 0.4810357079545942, 9.999998620652604e-07, 0.020485427192254893, 0.041138113868480576, 9.999998620652604e-07], [0.44054253299731105, 0.41643005866553645, 9.999998625943987e-07, 0.021589299163740087, 0.12143610917368725, 9.999998625943987e-07], [0.11184257042796579, 0.39692437783297635, 9.999999994668622e-07, 0.02465897306483791, 0.46657207867422096, 9.999999994668622e-07], [0.5762863525616827, 0.3549635289578488, 9.99999999996e-07, 0.021323371073627327, 0.04742474740684124, 9.99999999996e-07], [0.6541589900388862, 0.291516289464101, 9.999999994668622e-07, 0.01737806927014478, 0.03694465122686904, 9.999999994668622e-07], [0.6341695769552638, 0.182471722729898, 9.999998625943987e-07, 0.0864984654229358, 0.09685823489217728, 9.999998625943987e-07], [0.04739367071693723, 0.25897868457391765, 9.999998620652608e-07, 0.010980907544589543, 0.6826447371648315, 9.999998620652608e-07], [0.06955347357993567, 0.3308929576941925, 9.99999862065261e-07, 0.014558254547325159, 0.5849933141788226, 9.99999862065261e-07], [0.489345738601991, 0.4531324595843279, 9.999998620652608e-07, 0.018338587390661975, 0.03918121442329492, 9.999998620652608e-07], [0.4567338464095312, 0.48168917656982274, 9.999998620652608e-07, 0.02047096794832889, 0.04110400907259311, 9.999998620652608e-07], [0.44423792527099426, 0.4917796656702827, 9.999998620652608e-07, 0.021571105660633298, 0.04240930339836572, 9.999998620652608e-07], [0.5307958242302762, 0.4063755492082898, 9.999998620652604e-07, 0.020471425740074413, 0.04235520082163541, 9.999998620652604e-07], [0.08691044262892332, 0.4583143100502745, 9.999998620652608e-07, 0.018456653425109437, 0.4363165938959686, 9.999998620652608e-07], [0.70696222648443, 0.24773169550918492, 9.999998620652608e-07, 0.01446739587667053, 0.030836682129990554, 9.999998620652608e-07], [0.7850941450802327, 0.1828462427354423, 9.999998620652608e-07, 0.010583162307689837, 0.021474449876910995, 9.999998620652608e-07], [0.6337716315303544, 0.32275302537049333, 9.99999862065261e-07, 0.014465815526759332, 0.029007527572668838, 9.99999862065261e-07], [0.6398817887326317, 0.3018963849765144, 9.999998620652604e-07, 0.018049470297179303, 0.04017035599395039, 9.999998620652604e-07], [0.09394952882958953, 0.4886497457455125, 9.99999862065261e-07, 0.020886661954841578, 0.3965120634703324, 9.99999862065261e-07], [0.4409596749675574, 0.4910840912367658, 0.0005463824003524244, 0.021867418524267303, 0.045541432871126206, 9.999999310326294e-07], [0.5832019942730383, 0.21287661044999706, 0.14163653052748854, 0.020566121484008007, 0.041717739414508806, 1.0038509592580292e-06], [0.9999950000250003, 9.999950000250002e-07, 9.999950000250002e-07, 9.999950000250002e-07, 9.999950000250002e-07, 9.999950000250002e-07]], [[0.9999950000250003, 9.999950000250002e-07, 9.999950000250002e-07, 9.999950000250002e-07, 9.999950000250002e-07, 9.999950000250002e-07], [0.7440712985694875, 0.11140259468915811, 0.09928984208560628, 0.013957570163398708, 0.031277690641320875, 1.00385102848906e-06], [0.0920764656205261, 0.32391687691632487, 0.00038337021365680287, 0.01879188285073379, 0.5648304043987583, 9.99999999998004e-07], [0.5741244187078021, 0.3549345100031981, 1.0038361944189669e-06, 0.0213195955612372, 0.04961946805537381, 1.0038361944189669e-06], [9.999950000249998e-07, 9.999950000249998e-07, 9.999950000249998e-07, 9.999950000249998e-07, 9.999950000249998e-07, 0.9999950000249999], [0.5798547457848655, 0.35507078242517226, 1.0038361938857613e-06, 0.021314393165227177, 0.04375807095234729, 1.0038361938857613e-06], [0.5679118054120326, 0.3769339760979917, 9.999998625943987e-07, 0.018067201469764742, 0.03708501702048588, 9.999998625943987e-07], [0.6252628068483089, 0.3152406804258384, 9.999998620652604e-07, 0.018963495891971768, 0.04053101683415662, 9.999998620652604e-07], [0.08749960269881785, 0.4590772457973266, 9.999998620652608e-07, 0.018489825149753752, 0.4349313263543777, 9.999998620652608e-07], [0.4715048510333199, 0.46715578056100576, 9.99999862065261e-07, 0.018968581200851493, 0.042368787205098804, 9.99999862065261e-07], [0.4737342799903818, 0.4666710394105781, 9.99999862065261e-07, 0.0189771196512157, 0.04061556094810031, 9.99999862065261e-07], [0.17283252214257055, 0.4259715981763515, 9.99999862065261e-07, 0.02220424061372625, 0.3789896390676277, 9.99999862065261e-07], [0.27184745176041997, 0.5744075350642038, 9.999998620652608e-07, 0.030967933366285536, 0.12277507980936654, 9.999998620652608e-07], [0.5921088633606081, 0.34116247710491693, 9.999998620652608e-07, 0.02157431351119631, 0.04515234602355463, 9.999998620652608e-07], [0.5501145990923826, 0.390122315618154, 9.999998620652608e-07, 0.0189522512837234, 0.04080883400601591, 9.999998620652608e-07], [0.6189458358384721, 0.33475967137528745, 9.99999862065261e-07, 0.01514273399868882, 0.031149758787827626, 9.99999862065261e-07], [0.49175161754531843, 0.37751719731840866, 9.999998620652608e-07, 0.01804836019778654, 0.11268082493876223, 9.999998620652608e-07], [0.45598150251416114, 0.48113901513137364, 9.999998620652608e-07, 0.020471154875531628, 0.04240632747920951, 9.999998620652608e-07], [0.44397752863645007, 0.4916983233886712, 9.999998620652604e-07, 0.02158735141341538, 0.0427347965617391, 9.999998620652604e-07], [0.464913234411993, 0.4616668875618339, 9.999998620652608e-07, 0.02472064490625993, 0.04869723312018896, 9.999998620652608e-07], [0.2724134358662481, 0.5750688098690727, 9.999998625943987e-07, 0.030992617332448687, 0.12152313693250522, 9.999998625943987e-07], [0.5219816882780045, 0.40091309184100454, 9.99999999466862e-07, 0.025466147588648944, 0.051637072292343086, 9.99999999466862e-07], [0.5610628660923855, 0.3704977862839947, 9.999999999960003e-07, 0.022389851281538527, 0.04604749634208131, 9.999999999960003e-07], [0.6414085506698707, 0.3040971713287367, 9.99999999466862e-07, 0.018142295448017896, 0.036349982553375786, 9.99999999466862e-07], [0.700842323337632, 0.19199191084132342, 9.999998625943987e-07, 0.08705924417758613, 0.02010452164373327, 9.999998625943987e-07], [0.8182678450643103, 0.15452130263093977, 9.999998620652604e-07, 0.009256111403270864, 0.017952740901754853, 9.999998620652604e-07], [0.6671471599110728, 0.29389669836441873, 9.999998620652608e-07, 0.012695499714320812, 0.0262586420104635, 9.999998620652608e-07], [0.6074885145647024, 0.3445338384093666, 9.999998620652608e-07, 0.015772880283824155, 0.03220276674238252, 9.999998620652608e-07], [0.4896381119491185, 0.4528412165292111, 9.999998620652608e-07, 0.018046214043534514, 0.03947245747841175, 9.999998620652608e-07], [0.5508019227383693, 0.39126694910991006, 9.999998620652608e-07, 0.018950650379668973, 0.03897847777232763, 9.999998620652608e-07], [0.49209131684988605, 0.45281436623292876, 9.999998620652608e-07, 0.018045868908026404, 0.037046448009434574, 9.999998620652608e-07], [0.606227980172368, 0.34426470776743345, 9.99999862065261e-07, 0.015774457743999163, 0.03373085431647525, 9.99999862065261e-07], [0.742040188181272, 0.21882484612539257, 9.999998620652608e-07, 0.012695107787049908, 0.02643785790656135, 9.999998620652608e-07], [0.745943084751955, 0.22966516003713366, 9.999998620652608e-07, 0.008968191394686008, 0.015421563816501168, 9.999998620652608e-07], [0.7417561088942082, 0.21882249924826572, 9.999998620652608e-07, 0.01269510167754336, 0.026724290180258646, 9.999998620652608e-07], [0.6067966822119788, 0.3433878042921842, 9.99999862065261e-07, 0.015774465290721955, 0.03403904820539104, 9.99999862065261e-07], [0.0827635525715775, 0.38303204406434554, 9.999998620652608e-07, 0.018458605540652335, 0.5157437978237006, 9.999998620652608e-07], [0.08844985597277887, 0.3945353957166923, 0.0004830001053281762, 0.019469588597281925, 0.4970611596079877, 9.999999310326292e-07], [0.081477112671409, 0.13016767193918352, 0.12517825416565767, 0.01802413509394858, 0.6451518222788419, 1.003850959258029e-06], [0.9999950000250003, 9.999950000250002e-07, 9.999950000250002e-07, 9.999950000250002e-07, 9.999950000250002e-07, 9.999950000250002e-07]], [[0.9999950000250003, 9.999950000250002e-07, 9.999950000250002e-07, 9.999950000250002e-07, 9.999950000250002e-07, 9.999950000250002e-07], [0.7108429030508208, 0.12346975592664312, 0.11759641384929845, 0.0163282477081087, 0.03176167561410057, 1.0038510284890602e-06], [0.5765043835479138, 0.35431473887058773, 0.0004538704596667533, 0.021320361545763358, 0.047405645576068654, 9.999999999980041e-07], [0.11057510494084626, 0.39685147339871707, 1.0038361944189669e-06, 0.024671002516431798, 0.46790041147161593, 1.0038361944189669e-06], [9.999950000249998e-07, 9.999950000249998e-07, 9.999950000249998e-07, 9.999950000249998e-07, 9.999950000249998e-07, 0.9999950000249999], [0.5379109961779351, 0.38816456443766323, 1.0038510240890137e-06, 0.024178196891857417, 0.049744234790495855, 1.0038510240890137e-06], [0.5334679558011396, 0.40518508224707644, 1.0038212267312875e-06, 0.020489351175762716, 0.040855603133567724, 1.0038212267312875e-06], [0.5201549170387103, 0.4155654748026737, 1.00001457913196e-06, 0.021571112038281635, 0.04270649609117592, 1.00001457913196e-06], [0.5295255525410355, 0.33018767140634375, 9.999998620652608e-07, 0.020473052939384017, 0.1198117231135128, 9.999998620652608e-07], [0.08556125195073094, 0.38394754156116556, 9.999998620652608e-07, 0.018482557803450497, 0.512006648684929, 9.999998620652608e-07], [0.48953009229787203, 0.453170380355858, 9.999998620652608e-07, 0.018362330595748284, 0.03893519675079754, 9.999998620652608e-07], [0.4547419166782679, 0.40535800970356256, 9.999998620652608e-07, 0.09611045516187566, 0.043787618456569706, 9.999998620652608e-07], [0.5174661806528063, 0.3412299277509641, 9.999998620652608e-07, 0.021875023870195576, 0.11942686772630991, 9.999998620652608e-07], [0.09597540353571639, 0.4881532091232918, 9.999998620652608e-07, 0.02089323721358325, 0.39497615012768444, 9.999998620652608e-07], [0.565539775607264, 0.37796563408232303, 9.999998620652608e-07, 0.018058658009907386, 0.0384339323007815, 9.999998620652608e-07], [0.6189501441796059, 0.3350535785616974, 9.99999862065261e-07, 0.015142761392608598, 0.030851515866364084, 9.99999862065261e-07], [0.47442710415516676, 0.46605625620572577, 9.99999862065261e-07, 0.01895197577535062, 0.04056266386403279, 9.99999862065261e-07], [0.17282672089211937, 0.42597245507969334, 9.999998620652608e-07, 0.021911836677418292, 0.3792869873510448, 9.999998620652608e-07], [0.2684080694851308, 0.4998008145724665, 9.999998620652608e-07, 0.030975851412366074, 0.2008132645303125, 9.999998620652608e-07], [0.12381509180622187, 0.5203809832444602, 9.99999862065261e-07, 0.02358419272751232, 0.33221773222208156, 9.99999862065261e-07], [0.4426873594098874, 0.4921526984531118, 9.999998625943985e-07, 0.02159720770905312, 0.04356073442822227, 9.999998625943985e-07], [0.5393111789803385, 0.3883284425785518, 9.999999994668624e-07, 0.024169713522015822, 0.04818866491909511, 9.999999994668624e-07], [0.5800195808794246, 0.3548948844201615, 9.999999999960003e-07, 0.02132085565461204, 0.04376267904580184, 9.999999999960003e-07], [0.6571767403991221, 0.2914982455703509, 9.99999999466862e-07, 0.01708486564463139, 0.03423814838589654, 9.99999999466862e-07], [0.7883161430875326, 0.18219625360628047, 9.999998625943987e-07, 0.01085408574296236, 0.01863151756349932, 9.999998625943987e-07], [0.8714741389387888, 0.11150730719034971, 9.999998620652608e-07, 0.00653789433656981, 0.010478659534567523, 9.999998620652608e-07], [0.7966304635768007, 0.1726028659203735, 9.999998620652608e-07, 0.009994110093062633, 0.020770560410038965, 9.999998620652608e-07], [0.6641347773838183, 0.29359711252643494, 9.999998620652608e-07, 0.012694467887107038, 0.0295716422029156, 9.999998620652608e-07], [0.07238652606245488, 0.25496822259880986, 9.999998620652608e-07, 0.014556660628561065, 0.6580865907104502, 9.999998620652608e-07], [0.6151334000596423, 0.3337498379310426, 9.999998620652608e-07, 0.015115018692238651, 0.03599974331735225, 9.999998620652608e-07], [0.6329013789556954, 0.323630069564973, 9.999998620652608e-07, 0.014465807792914087, 0.029000743686693323, 9.999998620652608e-07], [0.6661140201311235, 0.294744327607475, 9.999998620652608e-07, 0.012695089190768333, 0.026444563070908925, 9.999998620652608e-07], [0.04491674461564462, 0.32351542129564537, 9.999998620652608e-07, 0.00998247388625716, 0.6215833602027288, 9.999998620652608e-07], [0.8654141327253377, 0.11263706967811307, 9.999998620652608e-07, 0.006534557405874223, 0.0154122401909508, 9.999998620652608e-07], [0.04816688760292183, 0.24790486059862943, 9.999998620652608e-07, 0.009985703848226137, 0.6939405479504985, 9.999998620652608e-07], [0.6642449251041285, 0.29389430377597514, 9.999998620652608e-07, 0.01269545903206457, 0.02916331208810764, 9.999998620652608e-07], [0.0708414307206, 0.2546982466431213, 9.99999862065261e-07, 0.014558248824853758, 0.659900073811701, 9.99999862065261e-07], [0.692237992599639, 0.2572915133688254, 0.0003842797393064651, 0.015113501213505725, 0.034971713078792384, 9.999999310326294e-07], [0.7530480467489351, 0.10437680955625739, 0.09954385475009796, 0.01381391835484967, 0.02921636673890053, 1.0038509592580288e-06], [0.9999950000250003, 9.999950000250002e-07, 9.999950000250002e-07, 9.999950000250002e-07, 9.999950000250002e-07, 9.999950000250002e-07]], [[0.9999950000250003, 9.999950000250002e-07, 9.999950000250002e-07, 9.999950000250002e-07, 9.999950000250002e-07, 9.999950000250002e-07], [0.696848238294508, 0.12788936940178777, 0.1242925295062316, 0.017195495368724077, 0.03377336357772003, 1.00385102848906e-06], [0.5612772473545447, 0.3698175274297796, 0.0004796578002578035, 0.02238723560125441, 0.04603733181416357, 9.99999999998004e-07], [0.5221640066848887, 0.40061953012607376, 1.0000147170647293e-06, 0.025487763148586674, 0.05172670001101663, 1.0000147170647293e-06], [0.3174386579950906, 0.4993177588512386, 1.0038213646559199e-06, 0.036630766902310576, 0.14661080860863088, 1.0038213646559199e-06], [0.1131186736573536, 0.41165894324477903, 1.0038361944148755e-06, 0.02590173643803424, 0.4493186389874443, 1.0038361944148755e-06], [9.999950000249998e-07, 9.999950000249998e-07, 9.999950000249998e-07, 9.999950000249998e-07, 9.999950000249998e-07, 0.9999950000249999], [0.2722424335757623, 0.5752682109374044, 1.0038212261980979e-06, 0.031001454808623385, 0.12148589303575748, 1.0038212261980979e-06], [0.4407689584588076, 0.4918239328707463, 9.999998620652604e-07, 0.021574713159292744, 0.045830395511429124, 9.999998620652604e-07], [0.09012044783804055, 0.4712818723350301, 9.999998620652608e-07, 0.019481007907299387, 0.41911467191990576, 9.999998620652608e-07], [0.6391219822855655, 0.3028646410412736, 9.999998620652608e-07, 0.018076521193497147, 0.03993485547993968, 9.999998620652608e-07], [0.17131142823605075, 0.41281492383893537, 9.999998620652608e-07, 0.021185610560711002, 0.39468603736457886, 9.999998620652608e-07], [0.44241913842364294, 0.49161186438837506, 9.999998620652604e-07, 0.02158378081507873, 0.04438321637317901, 9.999998620652604e-07], [0.4538647966368852, 0.48215364055551235, 9.999998620652604e-07, 0.020482057114414122, 0.04349750569346406, 9.999998620652604e-07], [0.49134693178810346, 0.45352585204847734, 9.999998620652608e-07, 0.018054611697687933, 0.0370706044660071, 9.999998620652608e-07], [0.6318665681052195, 0.32424232253571045, 9.999998620652608e-07, 0.014503809021625834, 0.029385300337720015, 9.999998620652608e-07], [0.5650918175370979, 0.3780892909198258, 9.999998620652608e-07, 0.018046428933444426, 0.03877046260990784, 9.999998620652608e-07], [0.4549243561671608, 0.48088699043924876, 9.999998620652608e-07, 0.020472474126125684, 0.04371417926774064, 9.999998620652608e-07], [0.09748817795261182, 0.4256805045895456, 9.999998620652604e-07, 0.021911866371412455, 0.4549174510867059, 9.999998620652604e-07], [0.5303097793207324, 0.40567307456874024, 9.999998620652604e-07, 0.02048232617391653, 0.043532819936886694, 9.999998620652604e-07], [0.5515539770745489, 0.39044995222329, 9.999998625943985e-07, 0.018975056106058978, 0.03901901459637684, 9.999998625943985e-07], [0.5799741281720504, 0.3549713405889755, 9.999999994668622e-07, 0.021307670079835587, 0.04374486115913963, 9.999999994668622e-07], [0.6252804240689436, 0.3156490290286869, 9.999999999960003e-07, 0.018636193164898195, 0.040432353737471435, 9.999999999960003e-07], [0.6991844671650673, 0.2573374940401041, 9.999999994668622e-07, 0.01499286229647564, 0.028483176498354017, 9.999999994668622e-07], [0.7463811375782168, 0.22931218775513468, 9.999998625943987e-07, 0.008948468524450354, 0.015356206142473005, 9.999998625943987e-07], [0.8957592597865074, 0.08798468597789076, 9.999998620652608e-07, 0.005267810717634217, 0.010986243518243528, 9.999998620652608e-07], [0.028599965458046526, 0.106127635429595, 9.999998620652608e-07, 0.005674397726966484, 0.8595960013856679, 9.999998620652608e-07], [0.039804145022878705, 0.15225410095983422, 9.99999862065261e-07, 0.008673173920579267, 0.7992665800969837, 9.99999862065261e-07], [0.777568857882024, 0.1817236164909074, 9.999998620652608e-07, 0.010547834424803629, 0.03015769120254076, 9.999998620652608e-07], [0.0502360129338989, 0.19347149396279417, 9.999998620652608e-07, 0.011371033876029717, 0.7449194592275532, 9.999998620652608e-07], [0.7854411094949916, 0.18259362821705857, 9.999998620652608e-07, 0.010551356695803548, 0.02141190559242216, 9.999998620652608e-07], [0.7429901197692685, 0.2294391283953985, 9.999998620652608e-07, 0.008936420582924773, 0.01863233125268415, 9.999998620652608e-07], [0.024933436145008977, 0.10718751967830122, 9.999998620652608e-07, 0.005682490392542117, 0.8621945537844237, 9.999998620652608e-07], [0.8954852365400545, 0.08818309898970421, 9.99999862065261e-07, 0.005278165367523967, 0.011051499102993325, 9.99999862065261e-07], [0.8657165353613634, 0.11180240101184918, 9.999998620652608e-07, 0.006537198866922125, 0.015941864760141033, 9.999998620652608e-07], [0.818292410516179, 0.15452560496667941, 9.999998620652608e-07, 0.008963136098474649, 0.018216848418942843, 9.999998620652608e-07], [0.7078295501765831, 0.25795739198930745, 9.999998620652608e-07, 0.01056797372614545, 0.023643084108239846, 9.999998620652608e-07], [0.7765147292645932, 0.19230632748972512, 0.00025885726686326047, 0.011124483107054462, 0.019794602871832923, 9.999999310326292e-07], [0.8239190364255858, 0.08225491086996568, 0.06697580538134819, 0.009657038173218314, 0.01719220529892259, 1.0038509592580288e-06], [0.9999950000250003, 9.999950000250002e-07, 9.999950000250002e-07, 9.999950000250002e-07, 9.999950000250002e-07, 9.999950000250002e-07]], [[0.9999950000250003, 9.999950000250002e-07, 9.999950000250002e-07, 9.999950000250002e-07, 9.999950000250002e-07, 9.999950000250002e-07], [0.7108509415510653, 0.12346962316328795, 0.11759641384929845, 0.01632824529882742, 0.03175377228649241, 1.0038510284890602e-06], [0.5802282326554616, 0.3542461679474882, 0.0004538704596667533, 0.02131784932710433, 0.04375287961027927, 9.999999999980041e-07], [0.5380307878970467, 0.3880187012592839, 9.999999999960003e-07, 0.024186302863413892, 0.049762207980255414, 9.999999999960003e-07], [0.11308333452641527, 0.41152353924797913, 9.99999999996e-07, 0.025890796406461577, 0.44950032981914406, 9.99999999996e-07], [0.534579636960806, 0.3885758148628453, 1.0000147165376059e-06, 0.024186233310674755, 0.052656314836240684, 1.0000147165376059e-06], [0.09436547150820009, 0.48865665728018276, 1.0038360564923046e-06, 0.02090506048347197, 0.3960708030560321, 1.0038360564923046e-06], [0.5922714548427682, 0.3406810987224892, 1.0038360559590993e-06, 0.0215842887333441, 0.045461150029286634, 1.0038360559590993e-06], [0.09608759214868219, 0.41271017291186546, 1.0000292966318499e-06, 0.020884046988253704, 0.4703161878926054, 1.0000292966318499e-06], [0.5634798500582122, 0.37820460140348927, 1.0038212261980979e-06, 0.01807543071882123, 0.04023811017702493, 1.0038212261980979e-06], [0.4742851730207588, 0.4662083018877774, 1.0000145791319601e-06, 0.01896355358938722, 0.040540971472918304, 1.0000145791319601e-06], [0.5181726381618025, 0.4161781760410189, 9.999998620652608e-07, 0.021572712640668075, 0.04407447315678649, 9.999998620652608e-07], [0.27127150308566295, 0.49965388404274796, 9.999998620652604e-07, 0.03096679688543701, 0.19810581598642776, 9.999998620652604e-07], [0.0974956327974621, 0.5013107973139921, 9.999998620652608e-07, 0.021911844931126072, 0.3792797249576956, 9.999998620652608e-07], [0.4737803241096736, 0.466690951369536, 9.99999862065261e-07, 0.01895660149197687, 0.04057012302908946, 9.99999862065261e-07], [0.6165670611870961, 0.2597850308834572, 9.999998620652608e-07, 0.015438138433221102, 0.10820776949650134, 9.999998620652608e-07], [0.07825184549647812, 0.4274114654646781, 9.999998620652608e-07, 0.01593096794876017, 0.47840372109035945, 9.999998620652608e-07], [0.5650893844430148, 0.37809169357993083, 9.999998620652608e-07, 0.01804643864362472, 0.03877048333370553, 9.999998620652608e-07], [0.47442955772277146, 0.46605383852902676, 9.99999862065261e-07, 0.01895196624099745, 0.04056263750748021, 9.99999862065261e-07], [0.5680047729006273, 0.37689051307314086, 9.999998620652608e-07, 0.018045883945521327, 0.037056830080986446, 9.999998620652608e-07], [0.6812673731350796, 0.2680839219069257, 9.99999862594399e-07, 0.01579390391507657, 0.03485280104319305, 9.99999862594399e-07], [0.6547609088839996, 0.29150169128829945, 9.999999994668622e-07, 0.017083921575280478, 0.03665147825242155, 9.999999994668622e-07], [0.07178265621115654, 0.26207744509030056, 9.999999999960003e-07, 0.01521320544262863, 0.65