{"prediction": [[[0.992152686295392, 0.0015694627409215901, 0.0015694627409215901, 0.0015694627409215901, 0.0015694627409215901, 0.0015694627409215901], [0.992152686295392, 0.0015694627409215901, 0.0015694627409215901, 0.0015694627409215901, 0.0015694627409215901, 0.0015694627409215901], [0.992152686295392, 0.0015694627409215901, 0.0015694627409215901, 0.0015694627409215901, 0.0015694627409215901, 0.0015694627409215901], [0.992152686295392, 0.0015694627409215901, 0.0015694627409215901, 0.0015694627409215901, 0.0015694627409215901, 0.0015694627409215901], [0.992152686295392, 0.0015694627409215901, 0.0015694627409215901, 0.0015694627409215901, 0.0015694627409215901, 0.0015694627409215901], [0.992152686295392, 0.0015694627409215901, 0.0015694627409215901, 0.0015694627409215901, 0.0015694627409215901, 0.0015694627409215901], [0.992152686295392, 0.0015694627409215901, 0.0015694627409215901, 0.0015694627409215901, 0.0015694627409215901, 0.0015694627409215901], [0.992152686295392, 0.0015694627409215901, 0.0015694627409215901, 0.0015694627409215901, 0.0015694627409215901, 0.0015694627409215901], [0.992152686295392, 0.0015694627409215901, 0.0015694627409215901, 0.0015694627409215901, 0.0015694627409215901, 0.0015694627409215901], [0.992152686295392, 0.0015694627409215901, 0.0015694627409215901, 0.0015694627409215901, 0.0015694627409215901, 0.0015694627409215901], [0.992152686295392, 0.0015694627409215901, 0.0015694627409215901, 0.0015694627409215901, 0.0015694627409215901, 0.0015694627409215901], [0.992152686295392, 0.0015694627409215901, 0.0015694627409215901, 0.0015694627409215901, 0.0015694627409215901, 0.0015694627409215901], [0.992152686295392, 0.0015694627409215901, 0.0015694627409215901, 0.0015694627409215901, 0.0015694627409215901, 0.0015694627409215901], [0.992152686295392, 0.0015694627409215901, 0.0015694627409215901, 0.0015694627409215901, 0.0015694627409215901, 0.0015694627409215901], [0.992152686295392, 0.0015694627409215901, 0.0015694627409215901, 0.0015694627409215901, 0.0015694627409215901, 0.0015694627409215901], [0.992152686295392, 0.0015694627409215901, 0.0015694627409215901, 0.0015694627409215901, 0.0015694627409215901, 0.0015694627409215901], [0.992152686295392, 0.0015694627409215901, 0.0015694627409215901, 0.0015694627409215901, 0.0015694627409215901, 0.0015694627409215901], [0.992152686295392, 0.0015694627409215901, 0.0015694627409215901, 0.0015694627409215901, 0.0015694627409215901, 0.0015694627409215901], [0.992152686295392, 0.0015694627409215901, 0.0015694627409215901, 0.0015694627409215901, 0.0015694627409215901, 0.0015694627409215901], [0.992152686295392, 0.0015694627409215901, 0.0015694627409215901, 0.0015694627409215901, 0.0015694627409215901, 0.0015694627409215901], [0.992152686295392, 0.0015694627409215901, 0.0015694627409215901, 0.0015694627409215901, 0.0015694627409215901, 0.0015694627409215901], [0.992152686295392, 0.0015694627409215901, 0.0015694627409215901, 0.0015694627409215901, 0.0015694627409215901, 0.0015694627409215901], [0.992152686295392, 0.0015694627409215901, 0.0015694627409215901, 0.0015694627409215901, 0.0015694627409215901, 0.0015694627409215901], [0.992152686295392, 0.0015694627409215901, 0.0015694627409215901, 0.0015694627409215901, 0.0015694627409215901, 0.0015694627409215901], [0.992152686295392, 0.0015694627409215901, 0.0015694627409215901, 0.0015694627409215901, 0.0015694627409215901, 0.0015694627409215901], [0.992152686295392, 0.0015694627409215901, 0.0015694627409215901, 0.0015694627409215901, 0.0015694627409215901, 0.0015694627409215901], [0.992152686295392, 0.0015694627409215901, 0.0015694627409215901, 0.0015694627409215901, 0.0015694627409215901, 0.0015694627409215901], [0.992152686295392, 0.0015694627409215901, 0.0015694627409215901, 0.0015694627409215901, 0.0015694627409215901, 0.0015694627409215901], [0.992152686295392, 0.0015694627409215901, 0.0015694627409215901, 0.0015694627409215901, 0.0015694627409215901, 0.0015694627409215901], [0.992152686295392, 0.0015694627409215901, 0.0015694627409215901, 0.0015694627409215901, 0.0015694627409215901, 0.0015694627409215901], [0.992152686295392, 0.0015694627409215901, 0.0015694627409215901, 0.0015694627409215901, 0.0015694627409215901, 0.0015694627409215901], [0.992152686295392, 0.0015694627409215901, 0.0015694627409215901, 0.0015694627409215901, 0.0015694627409215901, 0.0015694627409215901], [0.992152686295392, 0.0015694627409215901, 0.0015694627409215901, 0.0015694627409215901, 0.0015694627409215901, 0.0015694627409215901], [0.992152686295392, 0.0015694627409215901, 0.0015694627409215901, 0.0015694627409215901, 0.0015694627409215901, 0.0015694627409215901], [0.992152686295392, 0.0015694627409215901, 0.0015694627409215901, 0.0015694627409215901, 0.0015694627409215901, 0.0015694627409215901], [0.992152686295392, 0.0015694627409215901, 0.0015694627409215901, 0.0015694627409215901, 0.0015694627409215901, 0.0015694627409215901], [0.992152686295392, 0.0015694627409215901, 0.0015694627409215901, 0.0015694627409215901, 0.0015694627409215901, 0.0015694627409215901], [0.992152686295392, 0.0015694627409215901, 0.0015694627409215901, 0.0015694627409215901, 0.0015694627409215901, 0.0015694627409215901], [0.992152686295392, 0.0015694627409215901, 0.0015694627409215901, 0.0015694627409215901, 0.0015694627409215901, 0.0015694627409215901], [0.992152686295392, 0.0015694627409215901, 0.0015694627409215901, 0.0015694627409215901, 0.0015694627409215901, 0.0015694627409215901]], [[0.992152686295392, 0.0015694627409215901, 0.0015694627409215901, 0.0015694627409215901, 0.0015694627409215901, 0.0015694627409215901], [0.9630974554079653, 0.01766687470521084, 0.012616387386603445, 0.002451106768519358, 0.0025365891279934844, 0.0016315866037076166], [0.9439934969708629, 0.02835370107916093, 0.018734325256529193, 0.003827580245683797, 0.003459309844052494, 0.0016315866037108018], [0.9230935386019276, 0.038525885142574684, 0.025675579310327948, 0.0050108272319091774, 0.006062583109547749, 0.0016315866037128108], [0.8918691839630214, 0.05280627059717817, 0.03644388133978489, 0.0068968562714033085, 0.010352221224898947, 0.0016315866037129993], [0.8591315998437328, 0.0678870051777097, 0.04768032727852832, 0.0092823211187232, 0.014387159977568715, 0.0016315866037373082], [0.8142814687316643, 0.08636238975982072, 0.06693482244715258, 0.01219278391884102, 0.018596948538779086, 0.001631586603742406], [0.04746784617971713, 0.09965819550870297, 0.07897744119191012, 0.012708217092956026, 0.7595567134230062, 0.001631586603707516], [0.7749008689519061, 0.10259060329847124, 0.0835864902824262, 0.014757805593087711, 0.022532645270391404, 0.0016315866037171652], [0.7860479926047769, 0.09821420284471918, 0.07822083887678785, 0.014125775003424159, 0.021759604066554684, 0.0016315866037372659], [0.8150889067287485, 0.08621738755447834, 0.06600500872359914, 0.012226600900437954, 0.018830509489008013, 0.0016315866037279784], [0.857844266152006, 0.06830455169712787, 0.048800727884751316, 0.009297778287362727, 0.014121089375041026, 0.001631586603711021], [0.8771077575719484, 0.059668655394340187, 0.04194619453804404, 0.007927311838480021, 0.011718494053477446, 0.0016315866037098809], [0.9002138513340895, 0.04920423805317349, 0.0339028667031071, 0.006310794250337623, 0.0087366630555795, 0.0016315866037125916], [0.9230803737400195, 0.03861007563850057, 0.025605912427370946, 0.0050400628194777275, 0.006031988770916633, 0.001631586603714479], [0.9430025864853984, 0.028992392638316135, 0.018723689453374888, 0.00407224966296475, 0.0035774951562357925, 0.001631586603710127], [0.9604848827435178, 0.018747383178707475, 0.013779789234086681, 0.002695714601069415, 0.002660643638910603, 0.0016315866037079], [0.9634287675486966, 0.017663943880229266, 0.012953145395740334, 0.0023608775178063828, 0.001962302698623177, 0.0016309629589044059], [0.992152686295392, 0.0015694627409215901, 0.0015694627409215901, 0.0015694627409215901, 0.0015694627409215901, 0.0015694627409215901], [0.007480121689029138, 0.022110931982037365, 0.010310863009881516, 0.003093516422378792, 0.9553729802929656, 0.0016315866037075158], [0.9508545499329273, 0.024647528575743996, 0.016784250278562052, 0.003552588432634293, 0.0025294961764249255, 0.0016315866037075338], [0.9081939319811767, 0.04528232480033858, 0.03190496117218769, 0.005668884816566883, 0.007318310626022507, 0.0016315866037076505], [0.03019913246659913, 0.0600752149080742, 0.04080760958436567, 0.00642471949908518, 0.8608617369381683, 0.0016315866037075158], [0.992152686295392, 0.0015694627409215901, 0.0015694627409215901, 0.0015694627409215901, 0.0015694627409215901, 0.0015694627409215901], [0.7383281823857618, 0.11614234740580004, 0.08997560420534532, 0.01758111767385403, 0.03634116172551942, 0.0016315866037193707], [0.6346711549441616, 0.15317528291829954, 0.13361842491728457, 0.023409958618994295, 0.05349359199745656, 0.00163158660380345], [0.5380070169959137, 0.1797614793107885, 0.19791310313330818, 0.029312380893910854, 0.053374433061729294, 0.0016315866043496053], [0.5146965813890404, 0.1900054100705883, 0.2057004045458703, 0.031357028626771616, 0.05660898876392839, 0.001631586603800965], [0.11922804851642288, 0.18983547632946773, 0.20884422719647683, 0.030885927881166602, 0.44957473347275856, 0.0016315866037075158], [0.6064808937467505, 0.15783832863173092, 0.16416116402929437, 0.02505862808528028, 0.04482939890323149, 0.001631586603712547], [0.6947301408999913, 0.13105916172384602, 0.1179326710225445, 0.01982460502215041, 0.03482183472774897, 0.0016315866037186807], [0.06869421165478985, 0.1268946427147851, 0.11287919161124342, 0.018176970264270485, 0.6717233971512035, 0.0016315866037075154], [0.7439530087878545, 0.1137743519313641, 0.09657571898441461, 0.01679989169438994, 0.02726544199826439, 0.0016315866037125133], [0.7957674718773381, 0.09431751763927919, 0.07407303835723429, 0.013585183645300316, 0.020625201877138382, 0.0016315866037098932], [0.035669048814134845, 0.07489376929957979, 0.05234424368940447, 0.009535036153557443, 0.825926315439616, 0.001631586603707515], [0.8991787842686031, 0.049704731907513, 0.03441124474823712, 0.006411590365641323, 0.008662062106297944, 0.001631586603707592], [0.9312097264104929, 0.03499409602770459, 0.02266602449795089, 0.004788152801429688, 0.004710413658714406, 0.0016315866037077064], [0.9474332176582281, 0.026431007402053185, 0.017955135536759835, 0.003395974014084553, 0.0031530787851668358, 0.0016315866037075652], [0.9611699021480201, 0.018541682461277645, 0.01420066030419347, 0.002447776223671759, 0.0020100170889347435, 0.0016299617739023492], [0.992152686295392, 0.0015694627409215901, 0.0015694627409215901, 0.0015694627409215901, 0.0015694627409215901, 0.0015694627409215901]], [[0.992152686295392, 0.0015694627409215901, 0.0015694627409215901, 0.0015694627409215901, 0.0015694627409215901, 0.0015694627409215901], [0.9585514591861535, 0.020246107485937147, 0.014070841592658864, 0.0029017041701141313, 0.002598300961428618, 0.0016315866037078352], [0.9212469713926088, 0.06239551587582469, 0.003537545881401475, 0.0053214559037845915, 0.005883964439927529, 0.0016145465064529203], [0.9049824940347032, 0.07648596729111062, 0.0016155988560780643, 0.006588048805394812, 0.008712292156635304, 0.0016155988560780643], [0.8590201834523605, 0.11249625436024907, 0.0016155988520467504, 0.010046687998494024, 0.015205676484802937, 0.0016155988520467504], [0.7974713409468033, 0.15963084917199147, 0.0016155988541372579, 0.015306231661888148, 0.024360380511042452, 0.0016155988541372579], [0.7432481248094498, 0.20040130387892147, 0.0016155988559891504, 0.01926284333041541, 0.03385653026923512, 0.0016155988559891504], [0.7055357909770071, 0.2286237285705558, 0.001615598855863219, 0.021780895375390033, 0.04082838736532054, 0.001615598855863219], [0.0967460811032348, 0.24259471638949837, 0.0016155988449300521, 0.022938175396325262, 0.6344898294210816, 0.0016155988449300521], [0.7051045099856157, 0.2288012037979335, 0.0016155988564032575, 0.021878088354374776, 0.040985000149269576, 0.0016155988564032575], [0.7425298594809299, 0.20084022845992922, 0.0016155988561163644, 0.019375197070635806, 0.03402351727627225, 0.0016155988561163644], [0.05652525424039762, 0.17075589668861813, 0.00161559884492989, 0.01620357635449722, 0.7532840750266274, 0.00161559884492989], [0.04694114021023593, 0.14964913413512057, 0.001615598844929901, 0.01376877893354643, 0.7864097490312373, 0.001615598844929901], [0.8573126223960126, 0.1142575870797441, 0.0016155988573893357, 0.010140628301972461, 0.015057964507492244, 0.0016155988573893357], [0.8941656519830353, 0.0850262781197493, 0.0016155988581434706, 0.007381795479492984, 0.010195076701435449, 0.0016155988581434706], [0.9241651977526812, 0.06140424380892599, 0.0016155988574524094, 0.0050121390582121336, 0.0061872216652759, 0.0016155988574524094], [0.9283861432974403, 0.04547448322205375, 0.014616133611596516, 0.005124293715865843, 0.004767359549320896, 0.0016315866037226825], [0.992152686295392, 0.0015694627409215901, 0.0015694627409215901, 0.0015694627409215901, 0.0015694627409215901, 0.0015694627409215901], [0.992152686295392, 0.0015694627409215901, 0.0015694627409215901, 0.0015694627409215901, 0.0015694627409215901, 0.0015694627409215901], [0.992152686295392, 0.0015694627409215901, 0.0015694627409215901, 0.0015694627409215901, 0.0015694627409215901, 0.0015694627409215901], [0.010124771006052396, 0.026873159742139163, 0.018803619184607694, 0.002724419376795524, 0.939842612461505, 0.0016314182289003131], [0.015255127055000019, 0.08344705375524711, 0.0016155988449303386, 0.006408343930593608, 0.8916582775692986, 0.0016155988449303386], [0.883762241506154, 0.0910277612668138, 0.004907749195184372, 0.007694596635808933, 0.010992050039928373, 0.0016156013561104915], [0.7751164661152015, 0.10277592429218357, 0.08242031050340265, 0.014922869775689166, 0.023132842709795546, 0.001631586603727708], [0.992152686295392, 0.0015694627409215901, 0.0015694627409215901, 0.0015694627409215901, 0.0015694627409215901, 0.0015694627409215901], [0.6360303892923244, 0.14641341565087748, 0.14548761049919448, 0.022380108083858985, 0.04805688986936845, 0.0016315866043764267], [0.5304109607339467, 0.36651291795910224, 0.0016155988518716667, 0.032088482645172306, 0.06775644095803543, 0.0016155988518716667], [0.34212839781823107, 0.4552813988305461, 0.001615599276497465, 0.03917328959541366, 0.16018571520281424, 0.001615599276497465], [0.1479854975567006, 0.38327762393414744, 0.001615598844927194, 0.03309395853518415, 0.4324117222841134, 0.001615598844927194], [0.132550602724567, 0.3163079054647428, 0.0016155988449312827, 0.030009623875495727, 0.5179006702453318, 0.0016155988449312827], [0.5987843207193211, 0.3099229272745975, 0.0016155988556439541, 0.028726098324943918, 0.059335455969849606, 0.0016155988556439541], [0.6202497555581273, 0.29363211651719034, 0.001615598855928214, 0.027342386128031824, 0.05554454408479407, 0.001615598855928214], [0.10146067614429864, 0.257376481991737, 0.001615598844930274, 0.024256896594319042, 0.6136747475797848, 0.001615598844930274], [0.7430685381618451, 0.20085110519068367, 0.001615598855684545, 0.01939107313990094, 0.03345808579620109, 0.001615598855684545], [0.8149468164288017, 0.14638339833330632, 0.001615598855937247, 0.013899416023222297, 0.021539171502795117, 0.001615598855937247], [0.024419736867094557, 0.10359179507029369, 0.001615598844929708, 0.008496148102378904, 0.8602611222703735, 0.001615598844929708], [0.013384813369775296, 0.07328424440374547, 0.0016147075947956808, 0.005263716959464678, 0.9048378100774233, 0.0016147075947956808], [0.944169000737983, 0.04545526778994515, 0.0016155988627874595, 0.0034972836561060015, 0.00364725009039084, 0.0016155988627874595], [0.006600834375541454, 0.02026714221727694, 0.015152063908666906, 0.002328981371936779, 0.9540207555482, 0.0016302225783780282], [0.992152686295392, 0.0015694627409215901, 0.0015694627409215901, 0.0015694627409215901, 0.0015694627409215901, 0.0015694627409215901]], [[0.992152686295392, 0.0015694627409215901, 0.0015694627409215901, 0.0015694627409215901, 0.0015694627409215901, 0.0015694627409215901], [0.992152686295392, 0.0015694627409215901, 0.0015694627409215901, 0.0015694627409215901, 0.0015694627409215901, 0.0015694627409215901], [0.013398839370845213, 0.036853520393063104, 0.019315179548498217, 0.004820229198930596, 0.9239806448849553, 0.001631586603707516], [0.8799675165135139, 0.09632607583417642, 0.0016155988572904927, 0.00842246109251249, 0.01205274884521633, 0.0016155988572904927], [0.8166910999127602, 0.14374890914681338, 0.0016155988449566864, 0.013928165246474156, 0.02240062800403887, 0.0016155988449566864], [0.744360114033375, 0.1986777782010132, 0.0016155988450052591, 0.019445993284898926, 0.034284916790702356, 0.0016155988450052591], [0.10487700253843986, 0.25448641789121135, 0.0016155988449268798, 0.024514583934947022, 0.6128907979455479, 0.0016155988449268798], [0.6219946086412086, 0.29091461950095504, 0.0016155988450215473, 0.027392509619082607, 0.05646706454871086, 0.0016155988450215473], [0.601428605625157, 0.3062334971761903, 0.0016155988456800104, 0.02876685696552639, 0.06033984254176642, 0.0016155988456800104], [0.6220998206983902, 0.2903879806419489, 0.0016155988452190824, 0.02745035273207817, 0.056830648237144614, 0.0016155988452190824], [0.6742505293264216, 0.2506332034539482, 0.0016155988449526478, 0.024167030709761613, 0.04771803881996335, 0.0016155988449526478], [0.7062855028776438, 0.2266954143857322, 0.0016155988449341242, 0.021983103999058926, 0.0418047810476968, 0.0016155988449341242], [0.7439150422415667, 0.19925151649742293, 0.0016155988449336031, 0.019418181148579145, 0.034184062422564006, 0.0016155988449336031], [0.7975773834937658, 0.1591722577763082, 0.0016155988449336944, 0.01549157465328027, 0.024527586386778454, 0.0016155988449336944], [0.032150494883048185, 0.11544186977802204, 0.0016155988449268787, 0.010137736534253308, 0.8390387011148227, 0.0016155988449268787], [0.9045082646960221, 0.07701465506251273, 0.0016155988469216196, 0.0066466717909401864, 0.00859921075668182, 0.0016155988469216196], [0.9210975933605057, 0.06263648528366192, 0.0035376077308653118, 0.0053215177532484285, 0.005792187515801973, 0.0016146083559167577], [0.007829872809231241, 0.020608193752413514, 0.009715327972781285, 0.002647247035755433, 0.9575689990705369, 0.001630359359281615], [0.992152686295392, 0.0015694627409215901, 0.0015694627409215901, 0.0015694627409215901, 0.0015694627409215901, 0.0015694627409215901], [0.958645116992455, 0.019296994828720954, 0.015470348242049022, 0.0025237911879142615, 0.0024321621451532465, 0.0016315866037075256], [0.008730827136691228, 0.03495690570945659, 0.008248080365144463, 0.002698407786018485, 0.943752473997262, 0.001613305005427291], [0.9132594320624169, 0.07049878747730931, 0.001615598847240608, 0.005870771550676397, 0.007139811215116223, 0.001615598847240608], [0.8614462780994113, 0.11159327714617952, 0.001615598859714084, 0.009757268666528346, 0.013971978368452608, 0.001615598859714084], [0.7847465051054671, 0.09882528967209414, 0.07902535744626042, 0.014166899729791078, 0.021604361442674386, 0.0016315866037128616], [0.992152686295392, 0.0015694627409215901, 0.0015694627409215901, 0.0015694627409215901, 0.0015694627409215901, 0.0015694627409215901], [0.605564854128756, 0.1584244678991192, 0.1651245560917564, 0.024928018519657806, 0.04432651675696259, 0.001631586603747907], [0.14086927476556868, 0.3502811789653599, 0.001615598844927136, 0.03157814639796649, 0.47404020218125065, 0.001615598844927136], [0.5357923045229308, 0.3602147712040869, 0.0016155988450956501, 0.03224078652658258, 0.0685209400562084, 0.0016155988450956501], [0.5569052668548456, 0.3443783255420925, 0.0016155988449992472, 0.031113643733551764, 0.06437156617951152, 0.0016155988449992472], [0.5563714515305452, 0.34468149115532354, 0.0016155988449933513, 0.0312076076311853, 0.06450825199295912, 0.0016155988449933513], [0.5347309403878524, 0.36075342276036626, 0.0016155988454146942, 0.03233816798333844, 0.0689462711776135, 0.0016155988454146942], [0.5592765729944401, 0.34168561591758, 0.001615598845132068, 0.03112116050223919, 0.06468545289547657, 0.001615598845132068], [0.6211040439206678, 0.2919943741883189, 0.0016155988449591447, 0.027583801921046095, 0.0560865822800491, 0.0016155988449591447], [0.7060615991803254, 0.22713059243980166, 0.0016155988449342146, 0.022168352340223133, 0.04140825834978138, 0.0016155988449342146], [0.057127403402486676, 0.16925824010067592, 0.0016155988449268802, 0.016500135879881007, 0.7538830229271027, 0.0016155988449268802], [0.8644172531744854, 0.10815262219980547, 0.001615598844932357, 0.009951396547357556, 0.014247530388486933, 0.001615598844932357], [0.9158401307950284, 0.0675154407514038, 0.0016155988449322151, 0.006053000657867302, 0.007360230105836238, 0.0016155988449322151], [0.9404448615179571, 0.0485923823482938, 0.0016155988609550477, 0.0036685984465127533, 0.004062959965326241, 0.0016155988609550477], [0.007218682725382489, 0.02163110998354134, 0.01613397594922783, 0.002626990764986693, 0.9507593540839265, 0.0016298864929351323], [0.992152686295392, 0.0015694627409215901, 0.0015694627409215901, 0.0015694627409215901, 0.0015694627409215901, 0.0015694627409215901]], [[0.992152686295392, 0.0015694627409215901, 0.0015694627409215901, 0.0015694627409215901, 0.0015694627409215901, 0.0015694627409215901], [0.992152686295392, 0.0015694627409215901, 0.0015694627409215901, 0.0015694627409215901, 0.0015694627409215901, 0.0015694627409215901], [0.021924784965337063, 0.05160952064988991, 0.03337951704098249, 0.005843471117078587, 0.8856111196230045, 0.0016315866037075158], [0.8580734368534354, 0.11364839316843647, 0.001615598856733821, 0.010081628420737386, 0.014965343843923269, 0.001615598856733821], [0.7875167290154315, 0.1660499945802138, 0.001615598844951876, 0.01642725295193862, 0.026774825762512295, 0.001615598844951876], [0.7071557957448609, 0.22592411118732736, 0.001615598844927655, 0.02205923437085076, 0.04162966100710562, 0.001615598844927655], [0.6227278878709344, 0.28972938176823404, 0.001615598844930084, 0.027447222559686964, 0.05686431011128448, 0.001615598844930084], [0.5596738148198649, 0.34116849655362913, 0.001615598844955093, 0.030990792559728145, 0.06493569837686773, 0.001615598844955093], [0.5336875175080426, 0.36185997225999594, 0.0016155988458686336, 0.03207902486598372, 0.06914228767424074, 0.0016155988458686336], [0.5574047326022077, 0.3434007392652536, 0.0016155988453011659, 0.030985188103825508, 0.06497814233811088, 0.0016155988453011659], [0.5976656796308079, 0.3091413358877001, 0.001615598844953186, 0.029061280555209987, 0.06090050623637576, 0.001615598844953186], [0.1264855863030381, 0.2938502813854787, 0.0016155988449268802, 0.028624628828756844, 0.5478083057928725, 0.0016155988449268802], [0.10381504326073425, 0.2559708090667164, 0.0016155988449268802, 0.02473171251910724, 0.6122512374635884, 0.0016155988449268802], [0.7438942685613998, 0.1991102864079288, 0.0016155988449290859, 0.019631437630169852, 0.0341328097106433, 0.0016155988449290859], [0.8164077499200437, 0.1443228790598926, 0.001615598844935123, 0.014032566601611906, 0.02200560672858153, 0.001615598844935123], [0.8805550272855712, 0.09534623242005175, 0.0016155988449417142, 0.008649488725888556, 0.012218053878605233, 0.0016155988449417142], [0.9210969860046943, 0.06419529782274971, 0.00161559886135641, 0.005146381749261426, 0.006330136700581847, 0.00161559886135641], [0.9428153503631533, 0.02870009172427778, 0.019933168831898048, 0.0037065225333799056, 0.0032134089114057305, 0.0016314576358850241], [0.992152686295392, 0.0015694627409215901, 0.0015694627409215901, 0.0015694627409215901, 0.0015694627409215901, 0.0015694627409215901], [0.006596748716667077, 0.02058082463015092, 0.015167319148047888, 0.0023286913586155642, 0.9536964835814619, 0.0016299325650568138], [0.943233729653896, 0.04651622488066062, 0.0016155988650701986, 0.0034295483145560636, 0.003589299420746871, 0.0016155988650701986], [0.9203978529395623, 0.064425057984352, 0.0016155988449495337, 0.005414836455682876, 0.006531054930503665, 0.0016155988449495337], [0.024389454734671925, 0.10432150573284527, 0.0016155988449296542, 0.008462547196010606, 0.8595952946466129, 0.0016155988449296542], [0.04272547401683108, 0.0901727898420439, 0.06742615992725429, 0.011436938534324493, 0.7866070510758387, 0.0016315866037075158], [0.992152686295392, 0.0015694627409215901, 0.0015694627409215901, 0.0015694627409215901, 0.0015694627409215901, 0.0015694627409215901], [0.07670089826475643, 0.14049538276611895, 0.12851249639767526, 0.020658807837084747, 0.6320008281306572, 0.0016315866037075162], [0.6205229967006575, 0.29252743634635514, 0.001615598855141495, 0.027415678581182962, 0.05630269066152149, 0.001615598855141495], [0.601257508942896, 0.30562847495839707, 0.001615598845100141, 0.028988815023049112, 0.06089400338545764, 0.001615598845100141], [0.6014314929460869, 0.3039091624083405, 0.0016155988449975422, 0.02916684687262891, 0.062261300082948556, 0.0016155988449975422], [0.5366642021984039, 0.35718056448234353, 0.0016155988452207983, 0.03245958415495428, 0.07046445147385673, 0.0016155988452207983], [0.34875359262759376, 0.44464322159905034, 0.0016155988449322884, 0.03918940777093789, 0.1641825803125534, 0.0016155988449322884], [0.5386482277158616, 0.35556985954010784, 0.001615598845096648, 0.032528739658511004, 0.07002197539532633, 0.001615598845096648], [0.6015998533029584, 0.3050127441656817, 0.0016155988449337952, 0.029108197301930313, 0.06104800753956194, 0.0016155988449337952], [0.09949808492071259, 0.2395866208807092, 0.0016155988449268787, 0.02351438492682001, 0.6341697115819045, 0.0016155988449268787], [0.7768057538869299, 0.17310520264889132, 0.001615598844927198, 0.01763870962705432, 0.02921913614727012, 0.001615598844927198], [0.8590057727251519, 0.11133325778736555, 0.0016155988449271382, 0.010621752180852748, 0.015808019616775543, 0.0016155988449271382], [0.8956425370898724, 0.08279831827150315, 0.0016155988449307183, 0.007696076687337657, 0.010631870261425572, 0.0016155988449307183], [0.9241236803149255, 0.06119168578961387, 0.001615598855820611, 0.005186168218664564, 0.006267267965154854, 0.001615598855820611], [0.9421460489719469, 0.02942993065916142, 0.01941802388894496, 0.004028296359848706, 0.0033461135163904473, 0.0016315866037076414], [0.992152686295392, 0.0015694627409215901, 0.0015694627409215901, 0.0015694627409215901, 0.0015694627409215901, 0.0015694627409215901]], [[0.992152686295392, 0.0015694627409215901, 0.0015694627409215901, 0.0015694627409215901, 0.0015694627409215901, 0.0015694627409215901], [0.992152686295392, 0.0015694627409215901, 0.0015694627409215901, 0.0015694627409215901, 0.0015694627409215901, 0.0015694627409215901], [0.01935771572863984, 0.04283281000759217, 0.02876690295022793, 0.005260087159813781, 0.9021508975500188, 0.0016315866037075162], [0.8152206009314663, 0.14630679878497943, 0.0016155988561609622, 0.013784441450473722, 0.02145696112075851, 0.0016155988561609622], [0.7428959723557759, 0.19981168646545694, 0.0016155988449478265, 0.0195742335857885, 0.034486909903083236, 0.0016155988449478265], [0.10459197662395045, 0.2550608892457405, 0.0016155988449268798, 0.024757758742820116, 0.6123581776976351, 0.0016155988449268798], [0.13657626279418247, 0.31117785292386946, 0.0016155988449268787, 0.0305419030653096, 0.5184727835267848, 0.0016155988449268787], [0.5332732620886085, 0.3622141745244534, 0.0016155988451014823, 0.03224188492381908, 0.06903948077291625, 0.0016155988451014823], [0.3471084842889562, 0.44832885902671293, 0.0016155988449293504, 0.03901290263714041, 0.16231855635733175, 0.0016155988449293504], [0.4875487465929461, 0.4070361312779749, 0.0016155988450643085, 0.032295035742791085, 0.06988888869615931, 0.0016155988450643085], [0.5327234090552777, 0.3629733213925547, 0.0016155988449318896, 0.03221198095792382, 0.06886009090438001, 0.0016155988449318896], [0.14171187124332288, 0.34987714933769176, 0.0016155988449268802, 0.03195811959366036, 0.47322166213547123, 0.0016155988449268802], [0.6211650061075006, 0.2920152741982372, 0.001615598844926903, 0.027432566269463485, 0.05615595573494508, 0.001615598844926903], [0.706757493969529, 0.22615350514694887, 0.0016155988449269819, 0.022283299495939535, 0.041574503697728665, 0.0016155988449269819], [0.7883676036450404, 0.16557461006298302, 0.0016155988449341144, 0.016462563189098674, 0.026364025413009622, 0.0016155988449341144], [0.8641111415431258, 0.10865037502346148, 0.0016155988449349295, 0.00981047414998803, 0.014196811593554848, 0.0016155988449349295], [0.014719386801464611, 0.07971452976616186, 0.00161472904565088, 0.0060449985674411785, 0.8962916267736306, 0.00161472904565088], [0.00963106248365505, 0.026299672394930217, 0.016665224510460153, 0.002898883719875127, 0.9428754267506476, 0.0016297301404319799], [0.992152686295392, 0.0015694627409215901, 0.0015694627409215901, 0.0015694627409215901, 0.0015694627409215901, 0.0015694627409215901], [0.9536378127520971, 0.021467820241095704, 0.018673894015285922, 0.0025090184653055177, 0.0020830159583939294, 0.0016284385678216932], [0.951370404280707, 0.03944515634192473, 0.0016155988614070017, 0.0030972093569745385, 0.002856032297579831, 0.0016155988614070017], [0.9314563502280148, 0.05543291480948639, 0.0016155988449318426, 0.004527495335346386, 0.005352041937288891, 0.0016155988449318426], [0.9027370851683796, 0.07890002247784372, 0.0016155988608469545, 0.00660418738418372, 0.00852750724789921, 0.0016155988608469545], [0.02224559275337459, 0.04304692585668737, 0.03151656487246179, 0.0046719397446675325, 0.8968873901691012, 0.001631586603707515], [0.992152686295392, 0.0015694627409215901, 0.0015694627409215901, 0.0015694627409215901, 0.0015694627409215901, 0.0015694627409215901], [0.734814472438074, 0.11706228423443152, 0.09659576810727401, 0.016837748262771166, 0.03305814035373698, 0.0016315866037123733], [0.7047764900866407, 0.22842088163617869, 0.0016155988540964637, 0.02197835158927466, 0.04159307897971314, 0.0016155988540964637], [0.6926553230991116, 0.23574120964238188, 0.001615598844937547, 0.0232032206305844, 0.04516904893804705, 0.001615598844937547], [0.6206476654547511, 0.2900059990703222, 0.0016155988449630904, 0.027876897817877246, 0.05823823996712323, 0.0016155988449630904], [0.5599897420021216, 0.33905630383483515, 0.0016155988449383283, 0.03143932430231062, 0.06628343217085604, 0.0016155988449383283], [0.5364634101697578, 0.35731919721214295, 0.0016155988449729432, 0.032612593290384746, 0.07037360163776846, 0.0016155988449729432], [0.14498364247019382, 0.3457359311587985, 0.0016155988449268806, 0.032395828914224885, 0.473653399766929, 0.0016155988449268806], [0.6194812079547583, 0.291813168686654, 0.0016155988449270571, 0.027940495793914544, 0.05753392987481906, 0.0016155988449270571], [0.706740347856143, 0.22498876315661803, 0.0016155988449271165, 0.02241216954767801, 0.042627521749706854, 0.0016155988449271165], [0.7442799858944498, 0.1964851234909972, 0.0016155988449269422, 0.02002237461648794, 0.035981318308211316, 0.0016155988449269422], [0.7978034925607164, 0.15787476915731333, 0.0016155988449275609, 0.015897136263419723, 0.025193404328695587, 0.0016155988449275609], [0.8575447913375377, 0.1132165843661059, 0.001615598844935114, 0.010517492483935222, 0.015489934122551001, 0.001615598844935114], [0.9042344241287427, 0.0770903436538995, 0.0016155988579292092, 0.0067572610654209235, 0.008686773436078363, 0.0016155988579292092], [0.015277912145714806, 0.03838787888725287, 0.02309994387774785, 0.004166260621770012, 0.917436417863807, 0.0016315866037075158], [0.992152686295392, 0.0015694627409215901, 0.0015694627409215901, 0.0015694627409215901, 0.0015694627409215901, 0.0015694627409215901]], [[0.992152686295392, 0.0015694627409215901, 0.0015694627409215901, 0.0015694627409215901, 0.0015694627409215901, 0.0015694627409215901], [0.014785638952616224, 0.030243060476348275, 0.020288100619285196, 0.003326298007613784, 0.929725315340429, 0.0016315866037075158], [0.8870091214141842, 0.08854544286163026, 0.004804361193811385, 0.007345317844222934, 0.01068015541325631, 0.001615601272894994], [0.05545386765993679, 0.16994220791957754, 0.0016155988449270528, 0.01621977462847209, 0.7551529521021594, 0.0016155988449270528], [0.7046209679941091, 0.22835357926428218, 0.0016155988449298303, 0.022167929118131983, 0.04162632593361711, 0.0016155988449298303], [0.6207142608264141, 0.2921016495091861, 0.0016155988449302106, 0.027525722791285213, 0.05642716918325413, 0.0016155988449302106], [0.5587634276252682, 0.3411491602649446, 0.0016155988449290414, 0.031164071384575876, 0.06569214303535331, 0.0016155988449290414], [0.4927522999085524, 0.4008594252816515, 0.0016155988449454532, 0.0324752360831819, 0.07068184103672324, 0.0016155988449454532], [0.49132099922855504, 0.40225787432107235, 0.0016155988449598998, 0.032417870283008424, 0.0707720584774444, 0.0016155988449598998], [0.49053755332340354, 0.4031479258338537, 0.0016155988449712646, 0.032436779895353776, 0.07064654325744647, 0.0016155988449712646], [0.343431027067871, 0.45376401546044454, 0.0016155988449268956, 0.039055241898745645, 0.16051851788308513, 0.0016155988449268956], [0.1518509868396015, 0.36649434814092857, 0.0016155988449268787, 0.03290211078629173, 0.4455213565433244, 0.0016155988449268787], [0.13568339653852232, 0.30955710599050734, 0.0016155988449268782, 0.030313543614242884, 0.5212147561668736, 0.0016155988449268782], [0.6924704040698991, 0.23675365889570218, 0.0016155988449271298, 0.023122290042220786, 0.044422449302323676, 0.0016155988449271298], [0.0614854542207323, 0.17574896942848348, 0.0016155988449268782, 0.017499580502101774, 0.7420347981588288, 0.0016155988449268782], [0.8586115128330727, 0.11303789055644922, 0.0016155988449355263, 0.010195898128657298, 0.014923500791949812, 0.0016155988449355263], [0.9126258666388349, 0.07099764431290634, 0.0016155988606364091, 0.005838888052045035, 0.007306403274940766, 0.0016155988606364091], [0.9401026068099414, 0.030574756382648893, 0.020157643469917184, 0.004125678223049446, 0.003407833480466808, 0.0016314816339763627], [0.992152686295392, 0.0015694627409215901, 0.0015694627409215901, 0.0015694627409215901, 0.0015694627409215901, 0.0015694627409215901], [0.9610881422193885, 0.017247478513480054, 0.015937218543490738, 0.0024202923898477688, 0.0016808449056562058, 0.001626023428136691], [0.9605374032647106, 0.03132155217096671, 0.0016127147674466896, 0.0027597848460010586, 0.0021558301834282987, 0.0016127147674466896], [0.9445006927788057, 0.0448194056867362, 0.0016155988449378783, 0.0035515135194818057, 0.003897190325100482, 0.0016155988449378783], [0.9229891434362354, 0.06251522119474386, 0.0016155988466788876, 0.005072591103899677, 0.0061918465717633745, 0.0016155988466788876], [0.9025585210006459, 0.07712533616472392, 0.004221916702619899, 0.005394565647867273, 0.00908405919298889, 0.001615601291154166], [0.884677198244552, 0.07961100510298914, 0.015060444729807516, 0.007822680873215037, 0.01119708444572804, 0.0016315866037082212], [0.03587664652139479, 0.12950510890731745, 0.0016155988505418407, 0.008165021017153704, 0.8232220258530505, 0.0016155988505418407], [0.05791133384523832, 0.1706281334102902, 0.0016155988449270233, 0.016409711564074104, 0.7518196234905432, 0.0016155988449270233], [0.7050498506071915, 0.2270526416521158, 0.0016155988449299528, 0.02228048347265005, 0.04238582657818271, 0.0016155988449299528], [0.1293410444223979, 0.29345387726791455, 0.0016155988449268798, 0.029059403832249725, 0.544914476787584, 0.0016155988449268798], [0.5585393407521433, 0.3406559580719622, 0.00161559884492988, 0.031492662984517215, 0.06608084050151752, 0.00161559884492988], [0.5353969169080052, 0.35668404844769575, 0.001615598844934251, 0.032907346945673405, 0.07178049000875704, 0.001615598844934251], [0.5575226240136278, 0.34035819875337786, 0.0016155988449318012, 0.03178553242873532, 0.06710244711439554, 0.0016155988449318012], [0.5965539652424492, 0.3084444245868912, 0.0016155988449269522, 0.029497709281021245, 0.06227270319978461, 0.0016155988449269522], [0.12846333542357938, 0.2914041724642833, 0.0016155988449268806, 0.028784151793040287, 0.5481171426292434, 0.0016155988449268806], [0.6746025931916638, 0.2486996740022732, 0.0016155988449269448, 0.02455329962062937, 0.048913235495579875, 0.0016155988449269448], [0.743248673328069, 0.19888126834191439, 0.0016155988449269823, 0.019817031932388224, 0.0348218287077744, 0.0016155988449269823], [0.04754517647202686, 0.1483844119565978, 0.0016155988449268806, 0.01405501342964303, 0.7867842004518786, 0.0016155988449268806], [0.8577913528728416, 0.11367310624977275, 0.001615598856308674, 0.010208626536355084, 0.015095716628413193, 0.001615598856308674], [0.8895229573843222, 0.054250447281278924, 0.03729355853361597, 0.007142084025928788, 0.01015936617114611, 0.0016315866037080555], [0.992152686295392, 0.0015694627409215901, 0.0015694627409215901, 0.0015694627409215901, 0.0015694627409215901, 0.0015694627409215901]], [[0.992152686295392, 0.0015694627409215901, 0.0015694627409215901, 0.0015694627409215901, 0.0015694627409215901, 0.0015694627409215901], [0.9059634030033082, 0.046528740350999305, 0.032282883217334614, 0.005844215930697695, 0.0077491708939520934, 0.0016315866037079163], [0.8558644892958597, 0.11584103592502033, 0.0016155988588511284, 0.010223136964553396, 0.014840140096864459, 0.0016155988588511284], [0.059337772933662505, 0.17821257899313062, 0.0016155988449268782, 0.01735082029477128, 0.7418676300885819, 0.0016155988449268782], [0.6901057283820449, 0.23904197241327288, 0.0016155988449270981, 0.023221793762205168, 0.044399307752622894, 0.0016155988449270981], [0.13453674790758915, 0.31086501188410876, 0.0016155988449268782, 0.030424163130059953, 0.5209428793883883, 0.0016155988449268782], [0.5350508441634557, 0.3592680474384308, 0.0016155988449522642, 0.03240557461948058, 0.0700443360887285, 0.0016155988449522642], [0.3456109755187439, 0.45039698184657595, 0.0016155988449269396, 0.038856518188715855, 0.1619043267561105, 0.0016155988449269396], [0.534014990693307, 0.3605634174147032, 0.001615598844947904, 0.032227746693610865, 0.06996264750848312, 0.001615598844947904], [0.5559194269414016, 0.34373352998200973, 0.0016155988449314106, 0.03126891906160965, 0.06584692632511623, 0.0016155988449314106], [0.5349599047660315, 0.35984890007225456, 0.0016155988449306714, 0.03229659920950802, 0.06966339826234472, 0.0016155988449306714], [0.5611810283821042, 0.33948955028946937, 0.001615598844926924, 0.03095049612184623, 0.06514772751672643, 0.001615598844926924], [0.12726439223926994, 0.29353584910140995, 0.0016155988449268802, 0.02874890247537073, 0.5472196584940956, 0.0016155988449268802], [0.7063493419260067, 0.22636888221479567, 0.0016155988449271077, 0.02216971292189639, 0.0418808652474471, 0.0016155988449271077], [0.78747393666024, 0.16583450393453578, 0.001615598844928454, 0.016487314481418883, 0.026973047233948548, 0.001615598844928454], [0.8639973037997792, 0.1088056183664867, 0.001615598844933209, 0.009770831840665378, 0.014195048303202288, 0.001615598844933209], [0.9146792532446817, 0.06942577894830344, 0.0016155988607560305, 0.005642688004550355, 0.007021082080952293, 0.0016155988607560305], [0.009515962186223194, 0.026076887664001878, 0.014592608878853077, 0.002713860475692654, 0.9454719231001278, 0.0016287576951014599], [0.992152686295392, 0.0015694627409215901, 0.0015694627409215901, 0.0015694627409215901, 0.0015694627409215901, 0.0015694627409215901], [0.9615942064963264, 0.01686574241212319, 0.015902439567602636, 0.0023872114460583567, 0.001625200038944626, 0.001625200038944626], [0.9658305402841822, 0.023766173862228283, 0.004529324222567303, 0.002290369173143944, 0.0019759202672985374, 0.0016076721905796411], [0.9552813278004417, 0.036045880993935187, 0.0016145008704103287, 0.0029246957041723573, 0.0025190937606300997, 0.0016145008704103287], [0.9395899237698997, 0.0493388157520542, 0.0016155988449503