{"prediction": [[[0.9999950000250003, 9.999950000250002e-07, 9.999950000250002e-07, 9.999950000250002e-07, 9.999950000250002e-07, 9.999950000250002e-07], [0.9999950000250003, 9.999950000250002e-07, 9.999950000250002e-07, 9.999950000250002e-07, 9.999950000250002e-07, 9.999950000250002e-07], [0.9999950000250003, 9.999950000250002e-07, 9.999950000250002e-07, 9.999950000250002e-07, 9.999950000250002e-07, 9.999950000250002e-07], [0.9999950000250003, 9.999950000250002e-07, 9.999950000250002e-07, 9.999950000250002e-07, 9.999950000250002e-07, 9.999950000250002e-07], [0.9999950000250003, 9.999950000250002e-07, 9.999950000250002e-07, 9.999950000250002e-07, 9.999950000250002e-07, 9.999950000250002e-07], [0.9999950000250003, 9.999950000250002e-07, 9.999950000250002e-07, 9.999950000250002e-07, 9.999950000250002e-07, 9.999950000250002e-07], [0.9999950000250003, 9.999950000250002e-07, 9.999950000250002e-07, 9.999950000250002e-07, 9.999950000250002e-07, 9.999950000250002e-07], [0.9999950000250003, 9.999950000250002e-07, 9.999950000250002e-07, 9.999950000250002e-07, 9.999950000250002e-07, 9.999950000250002e-07], [0.9999950000250003, 9.999950000250002e-07, 9.999950000250002e-07, 9.999950000250002e-07, 9.999950000250002e-07, 9.999950000250002e-07], [0.9999950000250003, 9.999950000250002e-07, 9.999950000250002e-07, 9.999950000250002e-07, 9.999950000250002e-07, 9.999950000250002e-07], [0.9999950000250003, 9.999950000250002e-07, 9.999950000250002e-07, 9.999950000250002e-07, 9.999950000250002e-07, 9.999950000250002e-07], [0.9999950000250003, 9.999950000250002e-07, 9.999950000250002e-07, 9.999950000250002e-07, 9.999950000250002e-07, 9.999950000250002e-07], [0.9999950000250003, 9.999950000250002e-07, 9.999950000250002e-07, 9.999950000250002e-07, 9.999950000250002e-07, 9.999950000250002e-07], [0.9999950000250003, 9.999950000250002e-07, 9.999950000250002e-07, 9.999950000250002e-07, 9.999950000250002e-07, 9.999950000250002e-07], [0.9999950000250003, 9.999950000250002e-07, 9.999950000250002e-07, 9.999950000250002e-07, 9.999950000250002e-07, 9.999950000250002e-07], [0.9999950000250003, 9.999950000250002e-07, 9.999950000250002e-07, 9.999950000250002e-07, 9.999950000250002e-07, 9.999950000250002e-07], [0.9999950000250003, 9.999950000250002e-07, 9.999950000250002e-07, 9.999950000250002e-07, 9.999950000250002e-07, 9.999950000250002e-07], [0.9999950000250003, 9.999950000250002e-07, 9.999950000250002e-07, 9.999950000250002e-07, 9.999950000250002e-07, 9.999950000250002e-07], [0.9999950000250003, 9.999950000250002e-07, 9.999950000250002e-07, 9.999950000250002e-07, 9.999950000250002e-07, 9.999950000250002e-07], [0.9999950000250003, 9.999950000250002e-07, 9.999950000250002e-07, 9.999950000250002e-07, 9.999950000250002e-07, 9.999950000250002e-07], [0.9999950000250003, 9.999950000250002e-07, 9.999950000250002e-07, 9.999950000250002e-07, 9.999950000250002e-07, 9.999950000250002e-07], [0.9999950000250003, 9.999950000250002e-07, 9.999950000250002e-07, 9.999950000250002e-07, 9.999950000250002e-07, 9.999950000250002e-07], [0.9999950000250003, 9.999950000250002e-07, 9.999950000250002e-07, 9.999950000250002e-07, 9.999950000250002e-07, 9.999950000250002e-07], [0.9999950000250003, 9.999950000250002e-07, 9.999950000250002e-07, 9.999950000250002e-07, 9.999950000250002e-07, 9.999950000250002e-07], [0.9999950000250003, 9.999950000250002e-07, 9.999950000250002e-07, 9.999950000250002e-07, 9.999950000250002e-07, 9.999950000250002e-07], [0.9999950000250003, 9.999950000250002e-07, 9.999950000250002e-07, 9.999950000250002e-07, 9.999950000250002e-07, 9.999950000250002e-07], [0.9999950000250003, 9.999950000250002e-07, 9.999950000250002e-07, 9.999950000250002e-07, 9.999950000250002e-07, 9.999950000250002e-07], [0.9999950000250003, 9.999950000250002e-07, 9.999950000250002e-07, 9.999950000250002e-07, 9.999950000250002e-07, 9.999950000250002e-07], [0.9999950000250003, 9.999950000250002e-07, 9.999950000250002e-07, 9.999950000250002e-07, 9.999950000250002e-07, 9.999950000250002e-07], [0.9999950000250003, 9.999950000250002e-07, 9.999950000250002e-07, 9.999950000250002e-07, 9.999950000250002e-07, 9.999950000250002e-07], [0.9999950000250003, 9.999950000250002e-07, 9.999950000250002e-07, 9.999950000250002e-07, 9.999950000250002e-07, 9.999950000250002e-07], [0.9999950000250003, 9.999950000250002e-07, 9.999950000250002e-07, 9.999950000250002e-07, 9.999950000250002e-07, 9.999950000250002e-07], [0.9999950000250003, 9.999950000250002e-07, 9.999950000250002e-07, 9.999950000250002e-07, 9.999950000250002e-07, 9.999950000250002e-07], [0.9999950000250003, 9.999950000250002e-07, 9.999950000250002e-07, 9.999950000250002e-07, 9.999950000250002e-07, 9.999950000250002e-07], [0.9999950000250003, 9.999950000250002e-07, 9.999950000250002e-07, 9.999950000250002e-07, 9.999950000250002e-07, 9.999950000250002e-07], [0.9999950000250003, 9.999950000250002e-07, 9.999950000250002e-07, 9.999950000250002e-07, 9.999950000250002e-07, 9.999950000250002e-07], [0.9999950000250003, 9.999950000250002e-07, 9.999950000250002e-07, 9.999950000250002e-07, 9.999950000250002e-07, 9.999950000250002e-07], [0.9999950000250003, 9.999950000250002e-07, 9.999950000250002e-07, 9.999950000250002e-07, 9.999950000250002e-07, 9.999950000250002e-07], [0.9999950000250003, 9.999950000250002e-07, 9.999950000250002e-07, 9.999950000250002e-07, 9.999950000250002e-07, 9.999950000250002e-07], [0.9999950000250003, 9.999950000250002e-07, 9.999950000250002e-07, 9.999950000250002e-07, 9.999950000250002e-07, 9.999950000250002e-07]], [[0.9999950000250003, 9.999950000250002e-07, 9.999950000250002e-07, 9.999950000250002e-07, 9.999950000250002e-07, 9.999950000250002e-07], [0.06980214946918399, 0.1172127512410024, 0.08314707576074855, 0.013542422039131244, 0.7162945937730464, 1.0077168873846138e-06], [0.6812931247419561, 0.1314627838262966, 0.13081072079586345, 0.01815046213308011, 0.03828190465177521, 1.00385102848906e-06], [0.638049693117298, 0.14437783772884416, 0.15385920226301802, 0.02151542426454997, 0.042196838775261154, 1.00385102848906e-06], [0.6177327202488012, 0.1495480398850188, 0.16297154376006542, 0.02285201434889088, 0.04689467790619532, 1.00385102848906e-06], [0.09426810584499194, 0.15280517859262338, 0.14757901843647436, 0.021240117697125714, 0.5841065755777561, 1.00385102848906e-06], [0.07530301393766645, 0.1371206678468108, 0.12944506771122616, 0.016244064688554306, 0.6418861819647138, 1.00385102848906e-06], [0.7440841035336339, 0.11118581445530981, 0.0992032637445984, 0.01393211207792416, 0.03159370233750519, 1.00385102848906e-06], [0.045234902968124976, 0.07574705942643857, 0.06118798465613471, 0.008519698165941482, 0.8093093509323317, 1.00385102848906e-06], [0.8799410946607746, 0.058240997913530164, 0.03949556949278916, 0.0060628815262305895, 0.01625845255564702, 1.00385102848906e-06], [0.9429064282275198, 0.029823166074552005, 0.017290122026940354, 0.00252637105111393, 0.00745290876884553, 1.00385102848906e-06], [0.019949063730446515, 0.03324448914997646, 0.015756680835043793, 0.0024581177431332825, 0.9285906446903714, 1.0038510284880371e-06], [0.9280372987320527, 0.03482650965201233, 0.021843483378840668, 0.0026876251929719226, 0.012604079193094232, 1.0038510282234721e-06], [0.01649863006555009, 0.03325047277734332, 0.01582999175632634, 0.0024628251357097066, 0.9319570764140422, 1.0038510282224491e-06], [0.028465831776076693, 0.05028873195418556, 0.036361723039236425, 0.004868028637531987, 0.8800146807419411, 1.0038510282224493e-06], [0.8111509141614464, 0.08772773304984977, 0.06769018363784884, 0.010116236071538038, 0.023313929228288788, 1.0038510282224493e-06], [0.749603732362214, 0.11103950441690608, 0.09923387459979814, 0.013935590854550827, 0.026186293915502642, 1.0038510282224491e-06], [0.683863208514277, 0.13152467798105558, 0.13087314002102543, 0.018139456882260256, 0.0355985127503534, 1.0038510282224491e-06], [0.6380199670978007, 0.14444307568528655, 0.15385920195656697, 0.02150112040153954, 0.04217563100777791, 1.0038510282224491e-06], [0.6160812740222813, 0.14934924125075705, 0.16297154345119422, 0.022838273858911743, 0.048758663565827386, 1.0038510282224491e-06], [0.09657591964704679, 0.15284866733814656, 0.14758444516798958, 0.02123319214190111, 0.5817567718538876, 1.0038510282224491e-06], [0.6799093210530273, 0.13157994154074526, 0.1308488823113827, 0.018139970818498573, 0.039520880425318046, 1.0038510282215585e-06], [0.746518451069711, 0.11112127170850007, 0.0992086902356698, 0.013921505254839147, 0.02922907788025202, 1.0038510279911308e-06], [0.04498425638371585, 0.07595863765461666, 0.061230639862088175, 0.00852182091131743, 0.8093036413372339, 1.00385102799024e-06], [0.8520318500223609, 0.07306055494770215, 0.050584900731343085, 0.008198733824682211, 0.016122956622883624, 1.0038510279902397e-06], [0.9077929020850847, 0.04781702915328273, 0.03170233498749053, 0.00456976103642974, 0.008116968886684254, 1.00385102799024e-06], [0.945676838789648, 0.02861997632151575, 0.016138269543109377, 0.002466738956716307, 0.0070971725379825506, 1.0038510279911306e-06], [0.019706867536417868, 0.0330895769301945, 0.01585156247664644, 0.0024614643466551855, 0.9288895248590577, 1.0038510282215583e-06], [0.856334237281194, 0.06944267515664808, 0.047751216684524096, 0.007644185281365455, 0.018826681745240176, 1.0038510282224491e-06], [0.7924099708875012, 0.09691634780570027, 0.0790131174131386, 0.011386325729423432, 0.02027323431320817, 1.0038510282224491e-06], [0.7112260995682835, 0.12328659816780925, 0.11752244402120987, 0.016295114358733577, 0.03166874003293554, 1.0038510282224491e-06], [0.638421027476132, 0.1441065067191729, 0.15382412621657396, 0.021493669789831433, 0.042153665947261346, 1.0038510282224493e-06], [0.6007642350784688, 0.16098889560260046, 0.1672585305890802, 0.024261152093754478, 0.046726182785067856, 1.0038510282224493e-06], [0.5874943746714186, 0.16898551421693503, 0.17025310177412561, 0.02523873103117055, 0.048027274455321844, 1.0038510282224491e-06], [0.6010497700644664, 0.1609914945397537, 0.1672585305890802, 0.02426118070576651, 0.046438020249904996, 1.0038510282224493e-06], [0.6360109167598653, 0.14487969198155956, 0.15399881136186253, 0.02152621484732967, 0.04358336119835469, 1.0038510282224493e-06], [0.617712912106142, 0.14960448995626296, 0.1629739511401058, 0.022836998794858798, 0.046870644136771625, 1.0038658588778273e-06], [0.09258210775952037, 0.15196045266214306, 0.14805196536413728, 0.02122819130035478, 0.5861762752119017, 1.0077019427251586e-06], [0.07835583355402508, 0.15214429779517366, 0.10545886792180008, 0.01611546116487462, 0.647924531832294, 1.0077318324863165e-06], [0.9999950000250003, 9.999950000250002e-07, 9.999950000250002e-07, 9.999950000250002e-07, 9.999950000250002e-07, 9.999950000250002e-07]], [[0.9999950000250003, 9.999950000250002e-07, 9.999950000250002e-07, 9.999950000250002e-07, 9.999950000250002e-07, 9.999950000250002e-07], [0.0656674663610981, 0.12563849091188042, 0.11559251086836354, 0.01408596292167611, 0.6790145650859533, 1.0038510284890597e-06], [0.5779911559927348, 0.35352014073677146, 0.0009486800598371346, 0.021305897964347457, 0.04623312524630929, 9.99999999998008e-07], [0.539871763324909, 0.3871394758903782, 0.0005935217027927027, 0.024184107029401693, 0.0482101320525183, 9.99999999998004e-07], [0.5240703325562649, 0.3997070839333488, 0.0006286141453079425, 0.025486250178433124, 0.05010671918664508, 9.999999999980037e-07], [0.5377776117724917, 0.38717193033415803, 0.0005693361528997858, 0.024183046799174972, 0.05029707494127565, 9.99999999998004e-07], [0.5779160096359878, 0.3541802167070382, 0.0004995006859557294, 0.021310169393668674, 0.046093103577349595, 9.99999999998004e-07], [0.6551099254334343, 0.29106140640547995, 0.000383186489885623, 0.017085252330066147, 0.03635922934113403, 9.99999999998004e-07], [0.7449906195186403, 0.2140689486385147, 0.0002753655445103926, 0.012448973369569934, 0.028215092928764743, 9.999999999980077e-07], [0.03148510271992817, 0.1250745200692058, 0.0001550950672077779, 0.006696583118101558, 0.8365876990255567, 9.999999999980077e-07], [0.8782862728399796, 0.10312830125138071, 9.51925337104015e-05, 0.006201766978181595, 0.012287466396747696, 9.999999999980077e-07], [0.8509424626054994, 0.1237203301505077, 6.178298548893419e-05, 0.007294575235323753, 0.017979849023180432, 9.999999997344496e-07], [0.7964131356366259, 0.11091963323949727, 8.504891402008491e-05, 0.006505155176476469, 0.08607602703344888, 9.999999315607528e-07], [0.8753036040296088, 0.10486598363558138, 6.189015768199248e-05, 0.006182510446996746, 0.0135850117301996, 9.999999312971983e-07], [0.8695980176538357, 0.10538314719104527, 0.00014095968670581357, 0.0062004945056813995, 0.01867638096280066, 9.999999312971987e-07], [0.05100947965294223, 0.257706019605274, 0.0002616083836150456, 0.010667164807928009, 0.6803547275503095, 9.999999312971985e-07], [0.7063189463678826, 0.24726777258471858, 0.0003830859518564696, 0.01446937689862798, 0.03155981819698299, 9.999999312971985e-07], [0.5665565069986568, 0.37577732435054206, 0.0005049315858677837, 0.018055727099698368, 0.03910450996530401, 9.999999312971991e-07], [0.5305604931729327, 0.4040429323553817, 0.0005934529612117358, 0.020484607551318222, 0.04431751395922435, 9.999999312971985e-07], [0.09862943071340717, 0.3484803005915802, 0.000628545401316097, 0.021924025878598166, 0.5303366974151672, 9.999999312971985e-07], [0.5285532212107528, 0.4037694609144086, 0.0005692883129813739, 0.020483831101021442, 0.046623198460904534, 9.999999312971985e-07], [0.08915367717010594, 0.38162352040139674, 0.0005048379376045493, 0.018453064955546248, 0.5102638995354156, 9.999999310676515e-07], [0.6802910281364103, 0.2801046751020289, 0.00038292933613518247, 0.012443139986232378, 0.026777227439321573, 9.999998716905678e-07], [0.7107142094720158, 0.25442365433817066, 0.00023667225480856766, 0.010888117408692378, 0.02373634652644112, 9.999998714610208e-07], [0.8277500060166038, 0.14819102830279926, 0.0001956745660405233, 0.008582105814978746, 0.015280185299706444, 9.999998714610208e-07], [0.8220093010020469, 0.09559625104414894, 0.00012295612498151927, 0.005841882537267576, 0.07642860929168378, 9.99999871461021e-07], [0.8727521789313659, 0.11943248769158026, 6.30177534506939e-05, 0.0032711576595724715, 0.004480157964158933, 9.999998716905678e-07], [0.8604170007334471, 0.050710325823027376, 6.197299889264896e-05, 0.003256236926927249, 0.08555346351777465, 9.999999310676515e-07], [0.031019304270637524, 0.1817122593392328, 0.00018482164291124377, 0.005669541241991387, 0.7814130735052958, 9.999999312971985e-07], [0.7736906377230125, 0.1921430542871724, 0.00030521401182260246, 0.011116434997838777, 0.02274365898022231, 9.999999312971985e-07], [0.6207277402076672, 0.3326228077289123, 0.00045351686441541707, 0.015119140128282535, 0.031075795070791248, 9.999999312971987e-07], [0.6276145067550482, 0.31354855745460974, 0.0005933178814075425, 0.018962758244216008, 0.03927985966478747, 9.999999312971987e-07], [0.44511283363842336, 0.41459915905650907, 0.0006450549712716502, 0.02158454798864873, 0.11805740434521593, 9.999999312971987e-07], [0.2732743828123919, 0.5735726274583047, 0.0006565873320826908, 0.030971126639930888, 0.12152427575735848, 9.999999312971985e-07], [0.5186860486331596, 0.41527054342990577, 0.0006450549712716502, 0.02159197215365117, 0.0438053808120806, 9.999999312971987e-07], [0.0959073792572976, 0.487528436042408, 0.0005939906094875636, 0.020908006361838608, 0.3950611877290371, 9.999999312971987e-07], [0.5186942045582275, 0.41497116192509753, 0.000630953054471276, 0.021590720705322412, 0.04411195592075202, 1.0038361293085609e-06], [9.999950000249998e-07, 9.999950000249998e-07, 9.999950000249998e-07, 9.999950000249998e-07, 9.999950000249998e-07, 0.9999950000249999], [0.6361513301283236, 0.1434992804783184, 0.15431700598606723, 0.021491926153728205, 0.04453944565598642, 1.0115975760229392e-06], [0.9999950000250003, 9.999950000250002e-07, 9.999950000250002e-07, 9.999950000250002e-07, 9.999950000250002e-07, 9.999950000250002e-07]], [[0.9999950000250003, 9.999950000250002e-07, 9.999950000250002e-07, 9.999950000250002e-07, 9.999950000250002e-07, 9.999950000250002e-07], [0.6946381484192184, 0.12778861741527905, 0.12417571076854983, 0.01717039590368255, 0.03622612364224158, 1.00385102848906e-06], [0.5594537876820951, 0.36981834295207533, 0.00047920792084556597, 0.022387657879366536, 0.047860003565617544, 9.999999999980041e-07], [0.5221912820589283, 0.4005931801957078, 9.99999999996e-07, 0.025486424111811797, 0.05172711363355207, 9.99999999996e-07], [0.3215098051722422, 0.4986990177872933, 9.99999999996e-07, 0.03657517543460709, 0.14321400160585748, 9.99999999996e-07], [0.5238439774862796, 0.40055918560887693, 9.99999999996e-07, 0.025484557238839554, 0.050110279666003905, 9.99999999996e-07], [0.5571339322946998, 0.37059227353690405, 9.999999999960003e-07, 0.022395242273429795, 0.049876551894966294, 9.999999999960003e-07], [0.08850942525904765, 0.3136278470020599, 4.138050827222179e-05, 0.017931683940925498, 0.5798886632896949, 9.99999999998004e-07], [0.7684737028087351, 0.18254768890664, 0.010448147336449273, 0.012306044470227654, 0.026223416463231074, 1.000014717082439e-06], [0.0422462447281992, 0.13755748752444133, 0.0005227991179969254, 0.008115571543571391, 0.8115568932644227, 1.0038213684949028e-06], [0.8454825266581242, 0.12073357745541903, 0.007490814691595589, 0.00815048254356064, 0.0181415986365835, 1.000014717082439e-06], [0.05793474822239589, 0.21505272710868972, 2.9947600119577933e-05, 0.012580638627842729, 0.7144009384409523, 9.999999997334349e-07], [0.7740923448524643, 0.19174050591789746, 9.999998625943987e-07, 0.01112434498025458, 0.023040804249658414, 9.999998625943987e-07], [0.7836927271367407, 0.18169114412870893, 9.999998620652608e-07, 0.010547511846671569, 0.024066616888154715, 9.999998620652608e-07], [0.04024101819351293, 0.1522600370121725, 9.999998620652608e-07, 0.008691009332482898, 0.7988059354621077, 9.999998620652608e-07], [0.7711530322956699, 0.19235719919750094, 9.999998620652608e-07, 0.011125266920712225, 0.025362501586392954, 9.999998620652608e-07], [0.6186321082067443, 0.33341310564373994, 9.99999862065261e-07, 0.01511411715517092, 0.032838668994620776, 9.99999862065261e-07], [0.08869181264804427, 0.3195488123283574, 9.999998620652608e-07, 0.019468478653267132, 0.5722888963706071, 9.999998620652608e-07], [0.0965905192703374, 0.4247616532338117, 9.999998620652608e-07, 0.021911111588839134, 0.45673471590728765, 9.999998620652608e-07], [0.3462491609194032, 0.49809306014540006, 9.999998620652608e-07, 0.030959682975924708, 0.12469609595954773, 9.999998620652608e-07], [0.5944643178916746, 0.3400208495618048, 9.99999862065261e-07, 0.021576840690160637, 0.04393599185663589, 9.99999862065261e-07], [0.6256153726612179, 0.3145841802637857, 9.999998616043986e-07, 0.018965830277796105, 0.04083261679747709, 9.999998616043986e-07], [0.6249694122602046, 0.32579032619746606, 9.99999742392929e-07, 0.01548555533818295, 0.03375270620466158, 9.99999742392929e-07], [0.6588685095924461, 0.29815051632786727, 9.99999741932067e-07, 0.013525768326305684, 0.02945320575389704, 9.99999741932067e-07], [0.6433818987507562, 0.3224242472732083, 9.999997419320672e-07, 0.011146107102022209, 0.023045746874529382, 9.999997419320672e-07], [0.7114936706888547, 0.19991070422799223, 9.999997419320672e-07, 0.07516432646885156, 0.013429298614817797, 9.999997419320672e-07], [0.842000997888126, 0.14405641160492139, 9.999997423929291e-07, 0.004765273866436611, 0.009175316641031332, 9.999997423929291e-07], [0.869129444651715, 0.1241643325600961, 9.999998616043986e-07, 0.003091550121518086, 0.0036126726669475015, 9.999998616043986e-07], [0.7997992500556049, 0.1813431352859803, 9.999998620652608e-07, 0.00617813368916088, 0.012677480969529727, 9.999998620652608e-07], [0.7126557431503692, 0.257886831838245, 9.999998620652604e-07, 0.01054817943639352, 0.01890724557526806, 9.999998620652604e-07], [0.6332421616474706, 0.24767739006260936, 9.99999862065261e-07, 0.014464181654069087, 0.10461426663612701, 9.99999862065261e-07], [0.6442527122591339, 0.300363294424106, 9.999998620652608e-07, 0.018044657807889157, 0.037337335509146724, 9.999998620652608e-07], [0.6076189224119656, 0.32926253800807975, 9.999998620652608e-07, 0.02047030013609435, 0.04264623944413607, 9.999998620652608e-07], [0.5186970402654265, 0.4155594648018713, 9.999998620652608e-07, 0.021571978619684445, 0.04416951631329352, 9.999998620652608e-07], [0.6089910200263782, 0.3293898343378549, 9.99999862065261e-07, 0.020482137660906872, 0.041135007975136126, 9.99999862065261e-07], [0.4430906512547873, 0.41533300615803714, 1.0000145791319603e-06, 0.021577401930860784, 0.11999694062715656, 1.0000145791319603e-06], [0.3473080228312284, 0.4233290078915881, 1.007701795968825e-06, 0.0310295111993322, 0.19833144267425923, 1.007701795968825e-06], [9.999950000249998e-07, 9.999950000249998e-07, 9.999950000249998e-07, 9.999950000249998e-07, 9.999950000249998e-07, 0.9999950000249999], [9.999950000249998e-07, 9.999950000249998e-07, 9.999950000249998e-07, 9.999950000249998e-07, 9.999950000249998e-07, 0.9999950000249999], [0.9999950000250003, 9.999950000250002e-07, 9.999950000250002e-07, 9.999950000250002e-07, 9.999950000250002e-07, 9.999950000250002e-07]], [[0.9999950000250003, 9.999950000250002e-07, 9.999950000250002e-07, 9.999950000250002e-07, 9.999950000250002e-07, 9.999950000250002e-07], [0.7092821832829473, 0.12338461902247963, 0.11748626918206449, 0.016314015195480324, 0.0335319094659997, 1.00385102848906e-06], [0.10159705407330642, 0.3610350968710766, 0.0004534462826970337, 0.02179932958499603, 0.5151140731879239, 9.99999999998004e-07], [0.1103175868319847, 0.39682708074053225, 9.99999999996e-07, 0.024672756408492844, 0.4681805760189902, 9.99999999996e-07], [0.5221978174169063, 0.4005935649946724, 9.99999999996e-07, 0.025486459080434894, 0.05172015850798632, 9.99999999996e-07], [0.5376662568205607, 0.388160678571628, 9.999999999960003e-07, 0.024200856776677663, 0.049970207831133845, 9.999999999960003e-07], [0.10704549209354797, 0.37681178642637186, 1.2455363909566986e-06, 0.023026493700251914, 0.4931139822434374, 9.999999999980003e-07], [0.5766244713982845, 0.35399423839156047, 0.0004952223779330886, 0.0212914674542675, 0.04759360037795444, 9.999999999980077e-07], [0.697449758755598, 0.13741315050306646, 0.1118403700117506, 0.01501303541507552, 0.03828268147831116, 1.003836198272893e-06], [0.9999950000250003, 9.999950000250002e-07, 9.999950000250002e-07, 9.999950000250002e-07, 9.999950000250002e-07, 9.999950000250002e-07], [0.7474951643204706, 0.11589405366497137, 0.0907046826661008, 0.012581726586828964, 0.0333233689254301, 1.003836198272893e-06], [0.6547343384270401, 0.2905692023847954, 0.00043154770952060433, 0.017061473924559943, 0.03720243755408425, 9.999999997334387e-07], [0.618341728829197, 0.25766908881418094, 1.2453492142194228e-06, 0.015122498184472635, 0.10886443882300383, 9.999999312971949e-07], [0.0703189625448951, 0.25402258624932195, 9.99999862065261e-07, 0.014552824040356177, 0.6611036271657028, 9.99999862065261e-07], [0.05553130432026038, 0.22181667566965732, 9.999998620652608e-07, 0.012872604134868758, 0.7097774158754895, 9.999998620652608e-07], [0.7854190486137836, 0.18265731097128293, 9.999998620652608e-07, 0.010588200580079667, 0.021333439835129617, 9.999998620652608e-07], [0.6316722102584557, 0.3227442515103228, 9.999998620652608e-07, 0.014465818837044401, 0.03111571939445279, 9.999998620652608e-07], [0.08660604303645415, 0.30699763451667594, 9.999998620652608e-07, 0.018453836574278615, 0.5879404858728673, 9.999998620652608e-07], [0.530652222274121, 0.4043406422022968, 9.999998620652608e-07, 0.020471611177475806, 0.04453352434638234, 9.999998620652608e-07], [0.5944726124967153, 0.3400207637766491, 9.99999862065261e-07, 0.021576834604648366, 0.04392778912226323, 9.99999862065261e-07], [0.11197765584527133, 0.4332477934140594, 9.999998620652608e-07, 0.022254706929384978, 0.4325178438115603, 9.999998620652608e-07], [0.5173662162311324, 0.4149116175473147, 9.999998616043989e-07, 0.021567011474705838, 0.0461531547471238, 9.999998616043989e-07], [0.14800992630539858, 0.28983458931281614, 9.99999742392929e-07, 0.01792055941923608, 0.5442329249630645, 9.99999742392929e-07], [0.07381135991005454, 0.3983254524383339, 9.99999741932067e-07, 0.015824607566918874, 0.5120365800852089, 9.99999741932067e-07], [0.06208581442823078, 0.2863970503756769, 9.999997419320672e-07, 0.01248120897473813, 0.6390339262218704, 9.999997419320672e-07], [0.8116340241462715, 0.15789122526780244, 9.99999741932067e-07, 0.009304170035353871, 0.02116858055108824, 9.99999741932067e-07], [0.027655938847773398, 0.290028523421684, 9.99999742392929e-07, 0.004677629045208782, 0.6776359086858492, 9.99999742392929e-07], [0.9275176634047296, 0.061498485295584916, 9.999998616043986e-07, 0.003817561990968857, 0.007164289308993461, 9.999998616043986e-07], [0.898978530356225, 0.08807228782886191, 9.999998620652608e-07, 0.00525857312611124, 0.007688608689077769, 9.999998620652608e-07], [0.7460095114713027, 0.22970503962273184, 9.999998620652608e-07, 0.008937196953092948, 0.015346251953148442, 9.999998620652608e-07], [0.6664486574406909, 0.29354199621144056, 9.999998620652608e-07, 0.012693253842106808, 0.02731409250603749, 9.999998620652608e-07], [0.680118505639397, 0.268037089059949, 9.999998620652608e-07, 0.01577367717761375, 0.03606872812331615, 9.999998620652608e-07], [0.1606493469140085, 0.3823603162945712, 9.999998620652608e-07, 0.018454174198056464, 0.4385341625936398, 9.999998620652608e-07], [0.09119199513612375, 0.3948485261603549, 9.999998620652608e-07, 0.019467188173366155, 0.4944902905304311, 9.999998620652608e-07], [0.6415190659031694, 0.3012775478416862, 1.00001457913196e-06, 0.01806965337184534, 0.03913173285414058, 1.00001457913196e-06], [0.533476885247314, 0.3287223168958984, 1.0076868517708944e-06, 0.020473869943736813, 0.11732491253934725, 1.0076868517708944e-06], [9.999950000249998e-07, 9.999950000249998e-07, 9.999950000249998e-07, 9.999950000249998e-07, 9.999950000249998e-07, 0.9999950000249999], [9.999950000249998e-07, 9.999950000249998e-07, 9.999950000249998e-07, 9.999950000249998e-07, 9.999950000249998e-07, 0.9999950000249999], [0.9999950000250003, 9.999950000250002e-07, 9.999950000250002e-07, 9.999950000250002e-07, 9.999950000250002e-07, 9.999950000250002e-07], [0.9999950000250003, 9.999950000250002e-07, 9.999950000250002e-07, 9.999950000250002e-07, 9.999950000250002e-07, 9.999950000250002e-07]], [[0.9999950000250003, 9.999950000250002e-07, 9.999950000250002e-07, 9.999950000250002e-07, 9.999950000250002e-07, 9.999950000250002e-07], [0.7493250932333253, 0.11129347003113896, 0.09921119752288049, 0.013947726298281414, 0.026221509063345232, 1.0038510284880371e-06], [0.6235925757140551, 0.31466770195225674, 0.0004229537305964075, 0.01861980481882413, 0.0426959637842679, 9.999999997344534e-07], [0.5781600499922781, 0.354222348548279, 0.0006386231548099078, 0.02159412695803246, 0.045383851346600876, 9.999999997334347e-07], [0.5608804652759692, 0.37019938480891595, 0.000462106550750097, 0.022393854302880458, 0.04606318906148471, 9.999999997334349e-07], [0.5396298352359545, 0.3876578880021066, 3.976526931604366e-05, 0.024160632856026834, 0.04851087863659633, 9.999999997334347e-07], [0.5222943550454219, 0.4000018879926907, 0.00014852307254398096, 0.025434692495240396, 0.05211954139410326, 9.999999997334385e-07], [0.6066763603168402, 0.3097182870785174, 0.01740178137951565, 0.019095766409206832, 0.0471068048012029, 1.0000147168188771e-06], [0.7054072216340924, 0.12243550036325261, 0.1096379690971717, 0.017222922984066392, 0.04529537821947407, 1.0077019427251588e-06], [0.9999950000250003, 9.999950000250002e-07, 9.999950000250002e-07, 9.999950000250002e-07, 9.999950000250002e-07, 9.999950000250002e-07], [0.08091380862578802, 0.15251734536555325, 0.1047270804331486, 0.01607309821813057, 0.6457676596554367, 1.0077019427251586e-06], [0.6391109758996922, 0.2763316431503218, 0.021469908238066455, 0.01910801843537152, 0.043978454261831314, 1.0000147165544311e-06], [0.6276056767851178, 0.3141057598677331, 8.237493948546334e-05, 0.018941885416996738, 0.039263302990735834, 9.999999310666365e-07], [0.5643618946021289, 0.37612612079598695, 9.999998616043989e-07, 0.018034320595869305, 0.04147566400629164, 9.999998616043989e-07], [0.15300323588036463, 0.274711893289112, 9.999998616043986e-07, 0.015895827874952254, 0.556387042955848, 9.999998616043986e-07], [0.7428125306363078, 0.21832054556837555, 9.999998616043984e-07, 0.01270251889852248, 0.026162404897070834, 9.999998616043984e-07], [0.7421164763259014, 0.21866566520785716, 9.999998616061664e-07, 0.012719206236225945, 0.026496652230292204, 9.999998616061664e-07], [0.6045423702867121, 0.34320450313117085, 9.999998620634928e-07, 0.015780114165262583, 0.03647101241713036, 9.999998620634928e-07], [0.6439529268538147, 0.3009458149723739, 9.99999862065261e-07, 0.018044728394197154, 0.03705452977989035, 9.99999862065261e-07], [0.6278351144332063, 0.31417289818396804, 9.999998620652608e-07, 0.018974116278038935, 0.03901587110506273, 9.999998620652608e-07], [0.5188493882183334, 0.4153566509153568, 9.99999862065261e-07, 0.021576829536267085, 0.04421513133031863, 9.99999862065261e-07], [0.34720884077051195, 0.4233433153273624, 9.999998616043989e-07, 0.030946415513790154, 0.19849942838861234, 9.999998616043989e-07], [0.15192220604945839, 0.43414519716231387, 9.99999742392929e-07, 0.018805977312145696, 0.39512461947659727, 9.99999742392929e-07], [0.608816838788075, 0.3382713735747763, 9.999997419320672e-07, 0.01625220007736695, 0.03665758756029788, 9.999997419320672e-07], [0.6657461642685671, 0.29020601568652715, 9.999997419320668e-07, 0.012961684794119462, 0.031084135251302363, 9.999997419320668e-07], [0.5355779440646041, 0.3682402328295819, 9.999997419320672e-07, 0.009553796526974368, 0.0866260265793559, 9.999997419320672e-07], [0.7077058684895681, 0.2010917627320369, 9.99999742392929e-07, 0.007669919840907016, 0.08353044893800317, 9.99999742392929e-07], [0.8688225351500836, 0.11139902906028754, 9.999998616043986e-07, 0.006499592900302839, 0.013276842889602774, 9.999998616043986e-07], [0.9185179811003846, 0.0712455153748949, 9.999998620652608e-07, 0.00439508518246548, 0.005839418342530924, 9.999998620652608e-07], [0.8654700096458828, 0.111274197534624, 9.99999862065261e-07, 0.006505879008551641, 0.016747913811217457, 9.99999862065261e-07], [0.045480157790579546, 0.17247181944222484, 9.999998620652608e-07, 0.009978819223575122, 0.7720672035438965, 9.999998620652608e-07], [0.05499931155383066, 0.2976713955611827, 9.999998620652608e-07, 0.012869856114683966, 0.6344574367705785, 9.999998620652608e-07], [0.06905155256233335, 0.3299666421762152, 9.999998620652608e-07, 0.014554403900295488, 0.586425401361432, 9.999998620652608e-07], [0.6917089527372026, 0.2584730342658684, 9.999998620652608e-07, 0.015119468321249958, 0.03469654467595481, 9.999998620652608e-07], [0.6063142399234205, 0.3430825161961347, 1.0038360559590993e-06, 0.01577273121660693, 0.03482850499172589, 1.0038360559590993e-06], [9.999950000249998e-07, 9.999950000249998e-07, 9.999950000249998e-07, 9.999950000249998e-07, 9.999950000249998e-07, 0.9999950000249999], [9.999950000249998e-07, 9.999950000249998e-07, 9.999950000249998e-07, 9.999950000249998e-07, 9.999950000249998e-07, 0.9999950000249999], [0.9999950000250003, 9.999950000250002e-07, 9.999950000250002e-07, 9.999950000250002e-07, 9.999950000250002e-07, 9.999950000250002e-07], [0.7366705161846493, 0.11308368935221322, 0.09143204183479366, 0.01571154371133286, 0.04310119731943486, 1.011597576022939e-06], [0.9999950000250003, 9.999950000250002e-07, 9.999950000250002e-07, 9.999950000250002e-07, 9.999950000250002e-07, 9.999950000250002e-07]], [[0.9999950000250003, 9.999950000250002e-07, 9.999950000250002e-07, 9.999950000250002e-07, 9.999950000250002e-07, 9.999950000250002e-07], [0.798317208764372, 0.09346616593074022, 0.07509053866210229, 0.010947434836387519, 0.022177647955369906, 1.0038510282234755e-06], [0.054006688621694526, 0.15436638086908072, 0.010857402264545079, 0.012281929515404423, 0.7684865987146265, 1.0000146486441234e-06], [0.5967557179383799, 0.11524818204554396, 0.1655690624382799, 0.0879467441972202, 0.034479289544446776, 1.0038361293094877e-06], [0.6261369168637768, 0.20088760036388684, 0.11973461927053787, 0.016430653955553876, 0.036809205710115304, 1.0038361293094875e-06], [0.5801282945502928, 0.2759579477606366, 0.010376689535490938, 0.015656307072721524, 0.1178797610662098, 1.0000146483805615e-06], [0.30493377041076286, 0.424117999240155, 0.022243242006634533, 0.028090760338176913, 0.2206132279896223, 1.0000146483805615e-06], [0.6502872273366017, 0.14349106474797554, 0.14371141450447847, 0.021366631739344142, 0.041142653984670895, 1.0076869292840953e-06], [0.9999950000250003, 9.999950000250002e-07, 9.999950000250002e-07, 9.999950000250002e-07, 9.999950000250002e-07, 9.999950000250002e-07], [0.9999950000250003, 9.999950000250002e-07, 9.999950000250002e-07, 9.999950000250002e-07, 9.999950000250002e-07, 9.999950000250002e-07], [0.9999950000250003, 9.999950000250002e-07, 9.999950000250002e-07, 9.999950000250002e-07, 9.999950000250002e-07, 9.999950000250002e-07], [0.5141422712725977, 0.2638870329873946, 0.014082586124335312, 0.01615160763121549, 0.19173549816315769, 1.0038212993001848e-06], [0.5180919929976866, 0.4260926366351352, 5.508450754365401e-05, 0.01850173587672659, 0.037257549983036535, 9.999998714270137e-07], [0.595423072014599, 0.3503488247589663, 9.999997423929287e-07, 0.01756346528965638, 0.03666263793729347, 9.999997423929287e-07], [0.6919245665194449, 0.2587890500895105, 9.999997423929291e-07, 0.015482951663490422, 0.03380143172806941, 9.999997423929291e-07], [0.6126210164937314, 0.34769617817488013, 9.999997423929287e-07, 0.012435183444136614, 0.027245621887766955, 9.999997423929287e-07], [0.13265769279285994, 0.22876743128672708, 9.999997428520227e-07, 0.013025949207373193, 0.625546926713554, 9.999997428520227e-07], [0.06997690578679347, 0.3305468555880388, 9.999998616061664e-07, 0.014570863091394137, 0.5849033755340504, 9.999998616061664e-07], [0.7059656131927164, 0.24830925687039157, 1.0000145791319601e-06, 0.014502509515203179, 0.031220620392530447, 1.0000145791319601e-06], [0.6441045359725126, 0.30078348791495557, 1.003836055959099e-06, 0.018053403783530736, 0.03705656465688901, 1.003836055959099e-06], [0.5334269812374498, 0.4049738566856562, 1.0038508861582763e-06, 0.020478036158809842, 0.04111911821631173, 1.0038508861582763e-06], [0.4443866773989264, 0.41516513055912213, 1.0038360554946946e-06, 0.021568769344780553, 0.11887741502505982, 1.0038360554946946e-06], [0.59458656168328, 0.283655242543134, 1.0000144594561056e-06, 0.01756540050050603, 0.10419079524416106, 1.0000144594561056e-06], [0.5561079484744712, 0.394310409642751, 9.99999741932067e-07, 0.015483582696573992, 0.03409605918671994, 9.99999741932067e-07], [0.06436504716639913, 0.3648302991514171, 9.99999741932067e-07, 0.013030683464527248, 0.5577719702181728, 9.99999741932067e-07], [0.1288142349553409, 0.35419802391526206, 9.99999741932067e-07, 0.012480938872009219, 0.5045048022579041, 9.99999741932067e-07], [0.7081326480179769, 0.2555707182807561, 9.999997423929291e-07, 0.0108905568822927, 0.02540407681948952, 9.999997423929291e-07], [0.04801756592369022, 0.24764354630482466, 9.999998616043986e-07, 0.009971201147628785, 0.6943656866241331, 9.999998616043986e-07], [0.8654569927009682, 0.11156657330360203, 9.999998620652608e-07, 0.006505872088201212, 0.016468561907504398, 9.999998620652608e-07], [0.022685804108179042, 0.07525756183151025, 9.999998620652608e-07, 0.004193810155544236, 0.8978608239050423, 9.999998620652608e-07], [0.8598848433742878, 0.11111126697001592, 9.999998620652608e-07, 0.006509765759046434, 0.02249212389692573, 9.999998620652608e-07], [0.1159077168662481, 0.15250117813346825, 9.999998620652608e-07, 0.008687977878004353, 0.7229011271225553, 9.999998620652608e-07], [0.7808274158817523, 0.18243347648188074, 9.99999862065261e-07, 0.010573195101700144, 0.026163912534942806, 9.99999862065261e-07], [0.771897490180414, 0.19231485034334966, 9.999998620652608e-07, 0.011156256727529838, 0.02462940274898237, 9.999998620652608e-07], [0.05973891072906673, 0.2223997699444845, 2.574210536887291e-06, 0.012892545851895337, 0.7049651954278875, 1.0038361290419539e-06], [9.999950000249998e-07, 9.999950000249998e-07, 9.999950000249998e-07, 9.999950000249998e-07, 9.999950000249998e-07, 0.9999950000249999], [0.9999950000250003, 9.999950000250002e-07, 9.999950000250002e-07, 9.999950000250002e-07, 9.999950000250002e-07, 9.999950000250002e-07], [0.6974922332013295, 0.12687820954153453, 0.12469394199352714, 0.017177043060059606, 0.033757564501606545, 1.0077019427261893e-06], [0.7593489768480973, 0.10633368020852034, 0.08088332064543205, 0.014522935088362382, 0.038910083343728696, 1.0038658591434266e-06], [0.9999950000250003, 9.999950000250002e-07, 9.999950000250002e-07, 9.999950000250002e-07, 9.999950000250002e-07, 9.999950000250002e-07]], [[0.9999950000250003, 9.999950000250002e-07, 9.999950000250002e-07, 9.999950000250002e-07, 9.999950000250002e-07, 9.999950000250002e-07], [0.8940200770327211, 0.052084775095643895, 0.03470877420745575, 0.006521324951982897, 0.012664044846337425, 1.0038658588778307e-06], [0.7423379483133781, 0.0828972490673801, 0.0652446113840623, 0.08554175870094245, 0.02397742486225154, 1.0076719855131906e-06], [0.9999950000250003, 9.999950000250002e-07, 9.999950000250002e-07, 9.999950000250002e-07, 9.999950000250002e-07, 9.999950000250002e-07], [0.9999950000250003, 9.999950000250002e-07, 9.999950000250002e-07, 9.999950000250002e-07, 9.999950000250002e-07, 9.999950000250002e-07], [0.5884123613871814, 0.26211867755785845, 0.09093018099809148, 0.016146882460469504, 0.04239089377509976, 1.0038212992659208e-06], [0.11374112964597428, 0.1981857795754556, 0.1331225568017494, 0.018218753836397136, 0.5367307763042946, 1.0038361290428886e-06], [0.9999950000250003, 9.999950000250002e-07, 9.999950000250002e-07, 9.999950000250002e-07, 9.999950000250002e-07, 9.999950000250002e-07], [0.9999950000250003, 9.999950000250002e-07, 9.999950000250002e-07, 9.999950000250002e-07, 9.999950000250002e-07, 9.999950000250002e-07], [0.9999950000250003, 9.999950000250002e-07, 9.999950000250002e-07, 9.999950000250002e-07, 9.999950000250002e-07, 9.999950000250002e-07], [0.5251006870457413, 0.20355504731875074, 0.21380155089265782, 0.01931626160684264, 0.038225445449078424, 1.0076869290154431e-06], [0.5802299165034257, 0.35112883346449086, 0.010362177624177212, 0.015648329167596207, 0.04262974322566201, 1.0000146478855431e-06], [0.435636247985974, 0.3633012394327657, 3.77559999267762e-05, 0.02653869466111703, 0.17448506192034538, 9.99999871196452e-07], [0.1520052200280918, 0.36719641560016125, 9.99999741932067e-07, 0.019049973250300292, 0.4617463911219628, 9.99999741932067e-07], [0.6091826535687251, 0.3381543436312021, 9.99999741932067e-07, 0.0162628614028003, 0.03639814139778855, 9.99999741932067e-07], [0.5586804790241425, 0.3937666327413746, 9.99999741932067e-07, 0.015484242944286693, 0.0320666452907124, 9.99999741932067e-07], [0.6755940915608705, 0.27022440264834235, 9.99999742392929e-07, 0.016260887575131312, 0.037918618216171096, 9.99999742392929e-07], [0.48845734240938776, 0.4526698770130318, 9.999998616043986e-07, 0.01803625702083155, 0.04083452355702572, 9.999998616043986e-07], [0.5321148319090437, 0.41984702466417956, 1.0038212261980979e-06, 0.015790046782736645, 0.03224608900158756, 1.0038212261980979e-06], [9.999950000249998e-07, 9.999950000249998e-07, 9.999950000249998e-07, 9.999950000249998e-07, 9.999950000249998e-07, 0.9999950000249999], [9.999950000249998e-07, 9.999950000249998e-07, 9.999950000249998e-07, 9.999950000249998e-07, 9.999950000249998e-07, 0.9999950000249999], [9.999950000249998e-07, 9.999950000249998e-07, 9.999950000249998e-07, 9.999950000249998e-07, 9.999950000249998e-07, 0.9999950000249999], [0.5577989057102697, 