{"prediction": [[[0.95011876625803, 0.009976246748393995, 0.009976246748393995, 0.009976246748393995, 0.009976246748393995, 0.009976246748393995], [0.95011876625803, 0.009976246748393995, 0.009976246748393995, 0.009976246748393995, 0.009976246748393995, 0.009976246748393995], [0.95011876625803, 0.009976246748393995, 0.009976246748393995, 0.009976246748393995, 0.009976246748393995, 0.009976246748393995], [0.95011876625803, 0.009976246748393995, 0.009976246748393995, 0.009976246748393995, 0.009976246748393995, 0.009976246748393995], [0.95011876625803, 0.009976246748393995, 0.009976246748393995, 0.009976246748393995, 0.009976246748393995, 0.009976246748393995], [0.95011876625803, 0.009976246748393995, 0.009976246748393995, 0.009976246748393995, 0.009976246748393995, 0.009976246748393995], [0.95011876625803, 0.009976246748393995, 0.009976246748393995, 0.009976246748393995, 0.009976246748393995, 0.009976246748393995], [0.95011876625803, 0.009976246748393995, 0.009976246748393995, 0.009976246748393995, 0.009976246748393995, 0.009976246748393995], [0.95011876625803, 0.009976246748393995, 0.009976246748393995, 0.009976246748393995, 0.009976246748393995, 0.009976246748393995], [0.95011876625803, 0.009976246748393995, 0.009976246748393995, 0.009976246748393995, 0.009976246748393995, 0.009976246748393995], [0.95011876625803, 0.009976246748393995, 0.009976246748393995, 0.009976246748393995, 0.009976246748393995, 0.009976246748393995], [0.95011876625803, 0.009976246748393995, 0.009976246748393995, 0.009976246748393995, 0.009976246748393995, 0.009976246748393995], [0.95011876625803, 0.009976246748393995, 0.009976246748393995, 0.009976246748393995, 0.009976246748393995, 0.009976246748393995], [0.95011876625803, 0.009976246748393995, 0.009976246748393995, 0.009976246748393995, 0.009976246748393995, 0.009976246748393995], [0.95011876625803, 0.009976246748393995, 0.009976246748393995, 0.009976246748393995, 0.009976246748393995, 0.009976246748393995], [0.95011876625803, 0.009976246748393995, 0.009976246748393995, 0.009976246748393995, 0.009976246748393995, 0.009976246748393995], [0.95011876625803, 0.009976246748393995, 0.009976246748393995, 0.009976246748393995, 0.009976246748393995, 0.009976246748393995], [0.95011876625803, 0.009976246748393995, 0.009976246748393995, 0.009976246748393995, 0.009976246748393995, 0.009976246748393995], [0.95011876625803, 0.009976246748393995, 0.009976246748393995, 0.009976246748393995, 0.009976246748393995, 0.009976246748393995], [0.95011876625803, 0.009976246748393995, 0.009976246748393995, 0.009976246748393995, 0.009976246748393995, 0.009976246748393995], [0.95011876625803, 0.009976246748393995, 0.009976246748393995, 0.009976246748393995, 0.009976246748393995, 0.009976246748393995], [0.95011876625803, 0.009976246748393995, 0.009976246748393995, 0.009976246748393995, 0.009976246748393995, 0.009976246748393995], [0.95011876625803, 0.009976246748393995, 0.009976246748393995, 0.009976246748393995, 0.009976246748393995, 0.009976246748393995], [0.95011876625803, 0.009976246748393995, 0.009976246748393995, 0.009976246748393995, 0.009976246748393995, 0.009976246748393995], [0.95011876625803, 0.009976246748393995, 0.009976246748393995, 0.009976246748393995, 0.009976246748393995, 0.009976246748393995], [0.95011876625803, 0.009976246748393995, 0.009976246748393995, 0.009976246748393995, 0.009976246748393995, 0.009976246748393995], [0.95011876625803, 0.009976246748393995, 0.009976246748393995, 0.009976246748393995, 0.009976246748393995, 0.009976246748393995], [0.95011876625803, 0.009976246748393995, 0.009976246748393995, 0.009976246748393995, 0.009976246748393995, 0.009976246748393995], [0.95011876625803, 0.009976246748393995, 0.009976246748393995, 0.009976246748393995, 0.009976246748393995, 0.009976246748393995], [0.95011876625803, 0.009976246748393995, 0.009976246748393995, 0.009976246748393995, 0.009976246748393995, 0.009976246748393995], [0.95011876625803, 0.009976246748393995, 0.009976246748393995, 0.009976246748393995, 0.009976246748393995, 0.009976246748393995], [0.95011876625803, 0.009976246748393995, 0.009976246748393995, 0.009976246748393995, 0.009976246748393995, 0.009976246748393995], [0.95011876625803, 0.009976246748393995, 0.009976246748393995, 0.009976246748393995, 0.009976246748393995, 0.009976246748393995], [0.95011876625803, 0.009976246748393995, 0.009976246748393995, 0.009976246748393995, 0.009976246748393995, 0.009976246748393995], [0.95011876625803, 0.009976246748393995, 0.009976246748393995, 0.009976246748393995, 0.009976246748393995, 0.009976246748393995], [0.95011876625803, 0.009976246748393995, 0.009976246748393995, 0.009976246748393995, 0.009976246748393995, 0.009976246748393995], [0.95011876625803, 0.009976246748393995, 0.009976246748393995, 0.009976246748393995, 0.009976246748393995, 0.009976246748393995], [0.95011876625803, 0.009976246748393995, 0.009976246748393995, 0.009976246748393995, 0.009976246748393995, 0.009976246748393995], [0.95011876625803, 0.009976246748393995, 0.009976246748393995, 0.009976246748393995, 0.009976246748393995, 0.009976246748393995], [0.95011876625803, 0.009976246748393995, 0.009976246748393995, 0.009976246748393995, 0.009976246748393995, 0.009976246748393995]], [[0.95011876625803, 0.009976246748393995, 0.009976246748393995, 0.009976246748393995, 0.009976246748393995, 0.009976246748393995], [0.7802198707533572, 0.08391679030382722, 0.09468327987725988, 0.01037009894531684, 0.020811033759149767, 0.009998926361089035], [0.06107362483899291, 0.10661446032038363, 0.07170726081237457, 0.010170139828773414, 0.740435646982205, 0.009998867217270491], [0.7663325832795722, 0.07155256323011623, 0.11445971759977847, 0.01146438879286946, 0.02619182037809226, 0.009998926719571252], [0.7492360823173279, 0.08184155110877533, 0.1011350770838787, 0.020661450963729202, 0.03712690314633115, 0.00999893537995773], [0.95011876625803, 0.009976246748393995, 0.009976246748393995, 0.009976246748393995, 0.009976246748393995, 0.009976246748393995], [0.785049737012902, 0.08675125743988045, 0.08182346439855077, 0.014626462069694963, 0.021750143019293254, 0.009998936059678503], [0.8125078569597294, 0.06803098378569607, 0.075302199446642, 0.010805297702462299, 0.023354726539287676, 0.00999893556618259], [0.7633087722286388, 0.08252353055920525, 0.10094052896583144, 0.014999247487551381, 0.028228993708653175, 0.00999892705011981], [0.7854379373709566, 0.08208135328610351, 0.061198610200027106, 0.016893367548769925, 0.044389804450910654, 0.009998927143232085], [0.8108677614164276, 0.07422317433450243, 0.06771255430395878, 0.01249215459838395, 0.024705453911652603, 0.009998901435074736], [0.7999207788959014, 0.0752227681285918, 0.08423133974323911, 0.01224672538247132, 0.01837948646593324, 0.009998901383863248], [0.8316788919831674, 0.06437489821177247, 0.054891238844611626, 0.015264361242024896, 0.023792167562130203, 0.009998442156293308], [0.7806622975918277, 0.08554963443715072, 0.08786193151172256, 0.013429334395725086, 0.02249790083334525, 0.009998901230228788], [0.7896400907025213, 0.09166315814790732, 0.07274341772859068, 0.014144812247998594, 0.02180961999862046, 0.009998901174361714], [0.0361855268414742, 0.06049182537867026, 0.13081314198992103, 0.013093287843185654, 0.749417289335912, 0.00999892861083687], [0.7061898316148844, 0.0918460760870086, 0.13973555623222475, 0.020883862123294204, 0.03134566350354612, 0.009999010439041953], [0.7377632479678911, 0.07125388187876742, 0.13426759693691687, 0.013794122554146535, 0.03292224919926988, 0.009998901463008275], [0.7641934351231032, 0.08357868256373517, 0.092244345605715, 0.0149786942074577, 0.03500591562678234, 0.009998926873206495], [0.7811929394204549, 0.08648081483462385, 0.07253611083003698, 0.020299406420991574, 0.029491827133307516, 0.009998901360585299], [0.04674892565965318, 0.0658176970441703, 0.04988878650673174, 0.0108613320456773, 0.8166843404870262, 0.009998918256741395], [0.7488227088822696, 0.09180940128369627, 0.09247441739638185, 0.0156927873019453, 0.041201737068306286, 0.009998948067400863], [0.715358018968448, 0.08429044994894196, 0.12465466669094426, 0.015298490814692905, 0.050399364031823636, 0.0099990095451493], [0.6568612485619585, 0.09041611788854044, 0.18003472336664958, 0.01872423560600231, 0.043964664817538225, 0.00999900975931107], [0.6724359737037144, 0.09966538509942534, 0.1513251110269459, 0.017648876906373925, 0.04892564326213333, 0.009999010001406988], [0.6664862064570083, 0.10244011566469649, 0.16883037566845435, 0.01752668546394911, 0.03471760699589226, 0.009999009749999689], [0.07054564034644792, 0.08655823509219783, 0.12440790888301802, 0.013319775432151258, 0.695169430244778, 0.009999010001406988], [0.72385277705944, 0.08639850603429079, 0.12013979735288349, 0.0156656243540968, 0.04394439341970062, 0.009998901779588393], [0.7365258848828171, 0.09616197163510773, 0.1189735396892385, 0.014447583582841227, 0.02389201045068428, 0.009999009759311067], [0.5931005923657613, 0.12389495736126058, 0.21316520452728271, 0.02773680977854352, 0.03210342540706218, 0.009999010560089932], [0.16317944252566352, 0.13512228034538445, 0.14197916551096168, 0.012831643088107376, 0.5368885445602481, 0.00999892396963488], [0.5928302877665823, 0.12963410741689307, 0.19110278808572786, 0.01928860933545276, 0.0571451977850152, 0.00999900961032897], [0.6288921868294135, 0.11279216078873394, 0.1728802821552561, 0.017851039481627713, 0.0575853213301788, 0.00999900941478997], [0.05575913729253585, 0.11418410280461692, 0.11439693513483563, 0.018116754257628473, 0.687544060630024, 0.009999009880359027], [0.7335189596836157, 0.10682111516536233, 0.09864464158181988, 0.014527743374807323, 0.03648853048164064, 0.009999009712754161], [0.95011876625803, 0.009976246748393995, 0.009976246748393995, 0.009976246748393995, 0.009976246748393995, 0.009976246748393995], [0.7250938666942974, 0.0797907654772712, 0.1090843134380926, 0.017900773686349368, 0.05813133328837737, 0.009998947415612252], [0.05648693599137797, 0.07698198904880817, 0.10672479461263783, 0.012649788214643977, 0.7371576236480469, 0.009998868484485068], [0.047303854843836646, 0.061932437225826434, 0.08268868462291232, 0.009997542462689397, 0.7880799383820459, 0.009997542462689397], [0.95011876625803, 0.009976246748393995, 0.009976246748393995, 0.009976246748393995, 0.009976246748393995, 0.009976246748393995]], [[0.95011876625803, 0.009976246748393995, 0.009976246748393995, 0.009976246748393995, 0.009976246748393995, 0.009976246748393995], [0.765732373400316, 0.10812476441472885, 0.08460224717001769, 0.01761707751295077, 0.01392461034013212, 0.00999892716185454], [0.7092881564170509, 0.2235951665819625, 0.009996086636431088, 0.015205856344846265, 0.031918647383278057, 0.009996086636431088], [0.7262149143105121, 0.1866346990564099, 0.009996081480944115, 0.014691223739861729, 0.05246699993132805, 0.009996081480944115], [0.7051542473946929, 0.13815224352405606, 0.08478541241557741, 0.02201167396042062, 0.0398974958413578, 0.00999892686389527], [0.95011876625803, 0.009976246748393995, 0.009976246748393995, 0.009976246748393995, 0.009976246748393995, 0.009976246748393995], [0.95011876625803, 0.009976246748393995, 0.009976246748393995, 0.009976246748393995, 0.009976246748393995, 0.009976246748393995], [0.7788742266309917, 0.0924191166601545, 0.08098309914500408, 0.016173938337850156, 0.021550713525284045, 0.009998905700715474], [0.7551220476053939, 0.17212530995067837, 0.009996079936160246, 0.013701756148243436, 0.039058726423363846, 0.009996079936160246], [0.057319345299976274, 0.15222697577024755, 0.009996079591841015, 0.013795496511468627, 0.7566660232346256, 0.009996079591841015], [0.7697028554842178, 0.17135982185661142, 0.009996079777959516, 0.012401431767934288, 0.026543731335317573, 0.009996079777959516], [0.055300959327178684, 0.1579327666533738, 0.009996080364232838, 0.015155400306218238, 0.7516187129847637, 0.009996080364232838], [0.06937254329684928, 0.1739712715914397, 0.009996083695755558, 0.018540857748628143, 0.7181231599715718, 0.009996083695755558], [0.7646640606916237, 0.17178607682897332, 0.009996079926854319, 0.014993394430585623, 0.02856430819510866, 0.009996079926854319], [0.06667247962941719, 0.20397002226718988, 0.009996079908242469, 0.019827552202995403, 0.6895377860839125, 0.009996079908242469], [0.6747040860901917, 0.2561929769647244, 0.009996080299091352, 0.016555981412584322, 0.032554794934316886, 0.009996080299091352], [0.06762110218724417, 0.26203525882214457, 0.009996079387110673, 0.017745713812387067, 0.6326057664040029, 0.009996079387110673], [0.08718566198098136, 0.24247736167553408, 0.00999607997338395, 0.02540223790925948, 0.6249425784874573, 0.00999607997338395], [0.7527078022583081, 0.1816842955419792, 0.00999607982448914, 0.013006278463162586, 0.032609464087571816, 0.00999607982448914], [0.7831746245434652, 0.13881457191862193, 0.00999608014089061, 0.017252938373041295, 0.04076570488309034, 0.00999608014089061], [0.14785198701572794, 0.12547523653809167, 0.009996079759347663, 0.014645859672667466, 0.6920347572548176, 0.009996079759347663], [0.7199782613726948, 0.20437606277426848, 0.009996079531352502, 0.014463546359822294, 0.04118997043050946, 0.009996079531352502], [0.13673995611060005, 0.18257910274047717, 0.009996080085055054, 0.015758034622665815, 0.6449307463561469, 0.009996080085055054], [0.6607564970367155, 0.25012432348865243, 0.009996079684900263, 0.018492321171307488, 0.05063469893352412, 0.009996079684900263], [0.42278163743037234, 0.3516117361564786, 0.009996079545311391, 0.031027932742324862, 0.17458653458020146, 0.009996079545311391], [0.615330618789026, 0.29484139293004524, 0.00999608001060765, 0.020952204732945116, 0.04888362352676835, 0.00999608001060765], [0.7069479959004703, 0.2110399778167922, 0.00999607990824247, 0.014558078082871842, 0.04746178838338077, 0.00999607990824247], [0.7281009651369715, 0.18494210328525695, 0.009996080196726166, 0.017069624556135653, 0.049895146628183416, 0.009996080196726166], [0.14615408870944527, 0.19863260525530185, 0.009996079563923241, 0.016064817631764514, 0.619156329275642, 0.009996079563923241], [0.14506738109060996, 0.2836688940451923, 0.009996085231234653, 0.02305484207954574, 0.5282167123221827, 0.009996085231234653], [0.38167787069398273, 0.4424328932590305, 0.009996079601146938, 0.02640823419186965, 0.1294888426528231, 0.009996079601146938], [0.6012495915944, 0.29425890817904177, 0.015587801067541216, 0.028660531716102933, 0.050244691313667315, 0.009998476129246717], [0.6526534488816809, 0.18723965385765634, 0.06117401077219049, 0.03275122058592101, 0.056182655845276076, 0.009999010057275281], [0.7191305618083264, 0.09187725684538182, 0.13886440006497144, 0.01448944238393179, 0.02563932940345198, 0.009999009493936707], [0.95011876625803, 0.009976246748393995, 0.009976246748393995, 0.009976246748393995, 0.009976246748393995, 0.009976246748393995], [0.7093296310501407, 0.06709801889813277, 0.17352663778659536, 0.012848218250935978, 0.02719869901262712, 0.009998795001568092], [0.10009706395845872, 0.19561359999279815, 0.009996740318078234, 0.016031334772379537, 0.6682645206402072, 0.009996740318078234], [0.06825987626895283, 0.1839002179935953, 0.009996080001301724, 0.013399507164544255, 0.7144482385703042, 0.009996080001301724], [0.7926629958078917, 0.05843465631622275, 0.11385240706543659, 0.009997627969434876, 0.01505468487157926, 0.009997627969434876], [0.95011876625803, 0.009976246748393995, 0.009976246748393995, 0.009976246748393995, 0.009976246748393995, 0.009976246748393995]], [[0.95011876625803, 0.009976246748393995, 0.009976246748393995, 0.009976246748393995, 0.009976246748393995, 0.009976246748393995], [0.748252664600555, 0.1029938441717919, 0.10531922578471138, 0.012510716817766776, 0.020924621714723483, 0.009998926910451403], [0.7098068731351538, 0.2158208714585181, 0.009996079954772096, 0.014817786923129045, 0.03956230857365482, 0.009996079954772096], [0.6654816726463322, 0.2408238123440585, 0.009996080196726168, 0.015092765294826723, 0.0586095893213304, 0.009996080196726168], [0.15329716638592725, 0.12790520581709172, 0.04114475555633634, 0.03477817406575198, 0.6328756883597134, 0.009999009815179356], [0.95011876625803, 0.009976246748393995, 0.009976246748393995, 0.009976246748393995, 0.009976246748393995, 0.009976246748393995], [0.06002317992743799, 0.095299579234005, 0.11646604391060908, 0.018231483379215065, 0.6999807036125055, 0.009999009936227316], [0.0675635071759024, 0.1581930162781255, 0.010820652481858489, 0.011240834676914635, 0.7421835123222583, 0.009998477064940753], [0.7717240430714508, 0.16874786964607785, 0.009996080317703207, 0.010901014710000167, 0.028634911937064897, 0.009996080317703207], [0.0704997466669634, 0.17011504633565414, 0.009996079945466172, 0.013949404753844964, 0.7254436423526053, 0.009996079945466172], [0.7529487021847983, 0.17200577349081458, 0.009996080755081755, 0.019413937179798967, 0.03563942563442463, 0.009996080755081755], [0.7632839337621549, 0.1510143605483838, 0.009996082448760758, 0.019448750553998972, 0.04626079023794082, 0.009996082448760758], [0.7704775597068327, 0.1516969593925873, 0.009996080373538762, 0.016412602618219127, 0.04142071753528332, 0.009996080373538762], [0.7408848742091514, 0.1696685730573081, 0.009996079926854319, 0.019088527473055603, 0.050365865406776275, 0.009996079926854319], [0.6956385171004277, 0.20653880899069849, 0.009996080782999538, 0.02182607068447066, 0.05600444165840427, 0.009996080782999538], [0.5925673394217021, 0.30577470373576715, 0.00999608202068799, 0.0322695295670597, 0.04939626323409496, 0.00999608202068799], [0.5814764196888881, 0.2974455196271765, 0.009996080429374322, 0.021153263487538893, 0.07993263633764805, 0.009996080429374322], [0.11181915814484555, 0.31189671585038947, 0.009996084403006478, 0.02354295931636195, 0.5327489978823902, 0.009996084403006478], [0.09514467651160045, 0.1984202121134263, 0.009996079824489142, 0.02097227388861613, 0.6654706778373789, 0.009996079824489142], [0.17292365867977338, 0.16860979339312254, 0.009996079750041739, 0.024048495569280483, 0.6144258928577401, 0.009996079750041739], [0.10824308460636917, 0.1563976761064943, 0.009996079536005464, 0.017388409609648464, 0.6979786706054771, 0.009996079536005464], [0.7286746137070197, 0.18988589790399668, 0.009996085501106785, 0.017483235064337684, 0.04396408232243238, 0.009996085501106785], [0.7425094688937707, 0.18096426003636554, 0.00999608040145654, 0.015880468555246174, 0.0406536417117045, 0.00999608040145654], [0.6579025066657268, 0.2523920399611075, 0.009996079619758787, 0.01991383019232288, 0.04979946394132517, 0.009996079619758787], [0.6201506028752355, 0.2745761240255929, 0.009996087334376484, 0.02361509469046656, 0.06166600373995209, 0.009996087334376484], [0.6768986717975098, 0.22955710009632493, 0.009996079982689872, 0.020462460478856276, 0.053089607661929133, 0.009996079982689872], [0.7063962414583614, 0.1766043770165499, 0.009996079656982487, 0.017241050351845297, 0.07976617185927842, 0.009996079656982487], [0.7185944965514928, 0.1885301767570683, 0.009996081667062685, 0.02389030816402553, 0.048992855193288, 0.009996081667062685], [0.668412732062138, 0.2306373734771762, 0.009996080131584683, 0.02114879545484927, 0.059808938742667184, 0.009996080131584683], [0.585894996864584, 0.29955018779952686, 0.009996079787265442, 0.025561720435489092, 0.06900093532586925, 0.009996079787265442], [0.1671435755654839, 0.2970733389436686, 0.009996079833795066, 0.02187623853867612, 0.4939146872845812, 0.009996079833795066], [0.6289638980656783, 0.13723369210349193, 0.16400928105846574, 0.020473829901168354, 0.039320288562513114, 0.009999010308682598], [0.95011876625803, 0.009976246748393995, 0.009976246748393995, 0.009976246748393995, 0.009976246748393995, 0.009976246748393995], [0.95011876625803, 0.009976246748393995, 0.009976246748393995, 0.009976246748393995, 0.009976246748393995, 0.009976246748393995], [0.4917899514568198, 0.13307316645902795, 0.16721651833825252, 0.014702178360691444, 0.18321917583074765, 0.009999009554460682], [0.6789029661879301, 0.21421630845622447, 0.016224519266937056, 0.016281281500333686, 0.06437644864553577, 0.00999847594303897], [0.7965151939442002, 0.13413550638296698, 0.009995769351241492, 0.01244013563493319, 0.0369176253354166, 0.009995769351241492], [0.7075936313593666, 0.22063375046937647, 0.009996082299865879, 0.016952733766658182, 0.03482771980486694, 0.009996082299865879], [0.8036807552485715, 0.06427356268720426, 0.0946234323882227, 0.012740284578089038, 0.014683063071577903, 0.009998902026334676], [0.95011876625803, 0.009976246748393995, 0.009976246748393995, 0.009976246748393995, 0.009976246748393995, 0.009976246748393995]], [[0.95011876625803, 0.009976246748393995, 0.009976246748393995, 0.009976246748393995, 0.009976246748393995, 0.009976246748393995], [0.707180472065618, 0.12128446354225522, 0.1251592171913781, 0.014619546837017352, 0.021757290027114604, 0.009999010336616746], [0.1059133955275929, 0.24878194848156093, 0.009996079791918404, 0.012714860148228724, 0.6125976362587807, 0.009996079791918404], [0.12005188405980051, 0.19257327098260996, 0.009996079387110671, 0.01529163944679062, 0.6520910467365775, 0.009996079387110671], [0.539650200519737, 0.21213840189346617, 0.011861406700817097, 0.017706899010872662, 0.2086446156062047, 0.009998476268902533], [0.12614673291493525, 0.11645208076590974, 0.07277054023973893, 0.026779486083253232, 0.6478521497899055, 0.009999010206257394], [0.659555910116875, 0.13474013621838396, 0.04830199032663943, 0.02287078663639331, 0.1245327000976318, 0.009998476604076505], [0.6881815725538936, 0.22095333344884743, 0.00999607973142989, 0.01718845614709759, 0.053684478387301754, 0.00999607973142989], [0.7241952063938517, 0.19737675786759748, 0.009996079815183214, 0.01721084092563128, 0.04122503518255316, 0.009996079815183214], [0.7287042952926347, 0.20493453439537246, 0.00999608032700913, 0.015556410188545151, 0.030812599469429443, 0.00999608032700913], [0.6784425092844316, 0.23660433776725978, 0.009996079796571364, 0.01601552997412118, 0.04894546338104462, 0.009996079796571364], [0.6880572195800136, 0.20123680314438977, 0.00999607997338395, 0.025658443880431276, 0.06505537344839753, 0.00999607997338395], [0.7363499306485362, 0.15892393257341922, 0.009996077147909862, 0.016852678375552765, 0.06788130410667208, 0.009996077147909862], [0.7100393795335397, 0.19199425181167393, 0.009996080075749128, 0.018959990705767208, 0.05901421779752092, 0.009996080075749128], [0.6509127787179908, 0.23659887056454917, 0.00999607984310099, 0.027316917220115686, 0.06517927381114237, 0.00999607984310099], [0.5914603056081503, 0.2921667026054799, 0.009996080885364734, 0.026859162493635038, 0.06952166752200525, 0.009996080885364734], [0.40644837901604336, 0.38481700172051647, 0.009996080196726166, 0.025566538457307376, 0.16317592041268036, 0.009996080196726166], [0.1512104819374295, 0.276708231173637, 0.009996079787265438, 0.027968289956921473, 0.5241208373574812, 0.009996079787265438], [0.6889156472550928, 0.1974197260779217, 0.00999608032700913, 0.02430683374511913, 0.06936563226784816, 0.00999608032700913], [0.2135449830544939, 0.15716341997749758, 0.009996079563923241, 0.022856220904813877, 0.5864432169353483, 0.009996079563923241], [0.7496053228147065, 0.1723616724678577, 0.009996079973383946, 0.017376072188781934, 0.040664772581886006, 0.009996079973383946], [0.14140591199230948, 0.19011397781762268, 0.009996079861712843, 0.018531840545737144, 0.6299561099209051, 0.009996079861712843], [0.7157465611497954, 0.18782989146424217, 0.00999607954531139, 0.020313073627123396, 0.056118314668216214, 0.00999607954531139], [0.14971632726605508, 0.18763138712153418, 0.009996080103666906, 0.018345811645191428, 0.6243143137598856, 0.009996080103666906], [0.6783991132116102, 0.22598017511350638, 0.009996079815183218, 0.022066307734468618, 0.05356224431004856, 0.009996079815183218], [0.6713088120158477, 0.23280173830527537, 0.009996079433640294, 0.017597213803417562, 0.0583000770081788, 0.009996079433640294], [0.4232344679275779, 0.28340131569276267, 0.009996079768653588, 0.030683956911035953, 0.24268809993131632, 0.009996079768653588], [0.7022509546458194, 0.20039175877293341, 0.00999608014089061, 0.025561912081934746, 0.05180321421753127, 0.00999608014089061], [0.08899381217365958, 0.2125596510235079, 0.00999607996407802, 0.020698751300701305, 0.657755625573975, 0.00999607996407802], [0.10724535891281338, 0.21665781958493488, 0.009996079475516954, 0.014578681181799247, 0.6415259813694185, 0.009996079475516954], [0.6224772308424812, 0.24520932182901567, 0.009996686549199274, 0.017446576270181664, 0.09487349795992289, 0.009996686549199274], [0.707888768882108, 0.10322375887736751, 0.13535198186059244, 0.016990661633697748, 0.02654581889380942, 0.009999009852424882], [0.95011876625803, 0.009976246748393995, 0.009976246748393995, 0.009976246748393995, 0.009976246748393995, 0.009976246748393995], [0.5924884206905705, 0.12914647302800292, 0.2299120123860419, 0.011004203083911108, 0.027449975855093258, 0.009998914956380504], [0.11957170564535972, 0.18577388767875325, 0.05035340065861847, 0.025597566847238067, 0.6087049625380229, 0.00999847663200767], [0.17376556366845633, 0.16936713658361602, 0.009995986877771684, 0.013857753563145916, 0.6230175724292384, 0.009995986877771684], [0.7068062847608065, 0.20408054661614397, 0.009996082262642158, 0.024910839076269495, 0.04421016502149559, 0.009996082262642158], [0.7628383910885149, 0.16702451480186947, 0.00999608096911808, 0.014584917871795902, 0.03556001429958359, 0.00999608096911808], [0.06034455102338265, 0.06720847372568421, 0.08360764805847072, 0.012040019016138024, 0.766800440609887, 0.00999886756643735], [0.95011876625803, 0.009976246748393995, 0.009976246748393995, 0.009976246748393995, 0.009976246748393995, 0.009976246748393995]], [[0.95011876625803, 0.009976246748393995, 0.009976246748393995, 0.009976246748393995, 0.009976246748393995, 0.009976246748393995], [0.7027300783838841, 0.10512068221332116, 0.12966442481452298, 0.020599488464681636, 0.031886315535566145, 0.00999901058802408], [0.6744867637014687, 0.22177351440247003, 0.009996080150196535, 0.019592641410304784, 0.06415492018536346, 0.009996080150196535], [0.6466551515257386, 0.21730304560551195, 0.00999608025256172, 0.029173643246591448, 0.0868759991170346, 0.00999608025256172], [0.749782991222911, 0.1573624720537613, 0.009996080643410631, 0.021988122115511363, 0.050874253320995044, 0.009996080643410631], [0.24444048767144255, 0.1476149636690514, 0.009996079815183214, 0.02207297679498893, 0.5658794122341506, 0.009996079815183214], [0.4700646577731172, 0.22229182882099022, 0.009996080103666906, 0.033296986738327025, 0.25435436646023174, 0.009996080103666906], [0.7000808871218284, 0.19601928830524765, 0.009996086943527051, 0.023413926745858522, 0.06049372394001135, 0.009996086943527051], [0.13358612830367794, 0.1891699616438346, 0.009996079936160245, 0.02555772280745341, 0.6316940273727134, 0.009996079936160245], [0.1482929664782447, 0.25862427662681553, 0.009996079898936543, 0.028195979567618063, 0.5448946175294486, 0.009996079898936543], [0.14180130784805411, 0.2124427108673452, 0.009996080187420238, 0.018759919400662173, 0.607003901509098, 0.009996080187420238], [0.6795562431227928, 0.2195295619600048, 0.00999607996407802, 0.021568861973147665, 0.05935317301589865, 0.00999607996407802], [0.7103771073669247, 0.19164448043524787, 0.009996084309947138, 0.02222985859146912, 0.05575638498646395, 0.009996084309947138], [0.7253833895949123, 0.16414936773891778, 0.009996080001301724, 0.018657303209202558, 0.07181777945436381, 0.009996080001301724], [0.6934509884946927, 0.21343726017765347, 0.009996079898936545, 0.022167703154023576, 0.05095188837575731, 0.009996079898936545], [0.6464245603351485, 0.2707079083199346, 0.009996080215338017, 0.018775728933621807, 0.04409964198061913, 0.009996080215338017], [0.603018505020334, 0.30616685724681125, 0.009996079061403325, 0.021478771088813853, 0.04934370852123415, 0.009996079061403325], [0.11422394485421625, 0.26310407168889344, 0.009996079777959514, 0.019618318896717335, 0.5830615050042539, 0.009996079777959514], [0.6935074212265382, 0.19434340863641789, 0.009996080233949869, 0.02110077781360563, 0.07105623185553862, 0.009996080233949869], [0.7651194857902117, 0.14671051470337018, 0.009996079619758787, 0.016690744365425263, 0.05148709590147523, 0.009996079619758787], [0.6783584459264314, 0.20458325236735905, 0.009996079452252142, 0.02685111992926614, 0.07021502287243919, 0.009996079452252142], [0.712952286482328, 0.19466668977587287, 0.009996080913282517, 0.01876082278167776, 0.05362803913355633, 0.009996080913282517], [0.6997125323642814, 0.20000153003341792, 0.009996079991995798, 0.021882625430940897, 0.058411152187368136, 0.009996079991995798], [0.7007013325628187, 0.19311366641233962, 0.009996081629838971, 0.02051286882201303, 0.06567996894315055, 0.009996081629838971], [0.6888729726313574, 0.19022585108682602, 0.009996079694206187, 0.019509836378913067, 0.08139918051449106, 0.009996079694206187], [0.734571076755515, 0.18577975672508826, 0.009996080131584683, 0.017119587386291088, 0.04253741886993624, 0.009996080131584683], [0.7164582301661181, 0.1881646447702097, 0.00999608014089061, 0.02291656466673846, 0.05246840011515249, 0.00999608014089061], [0.0832315650632013, 0.15886062763691716, 0.009996079647676565, 0.016401858743222406, 0.7215137892613062, 0.009996079647676565], [0.665547627977973, 0.22634298080740578, 0.009996079750041739, 0.023492379854231086, 0.06462485186030673, 0.009996079750041739], [0.7649566959908819, 0.12495233045138861, 0.009996808082200775, 0.02320262700844604, 0.06689473038488192, 0.009996808082200775], [0.7182361910100341, 0.0776512879863849, 0.09572338232138305, 0.01664835567828335, 0.08174177314217848, 0.009999009861736264], [0.95011876625803, 0.009976246748393995, 0.009976246748393995, 0.009976246748393995, 0.009976246748393995, 0.009976246748393995], [0.6755639391677537, 0.14077235192970625, 0.09787165843475262, 0.02020291716466294, 0.05559014242556043, 0.009998990877564106], [0.07313884098094373, 0.1766913033880547, 0.015110826787078036, 0.014990383820718592, 0.7100701693362016, 0.009998475687003329], [0.1746676178735239, 0.13656522261800405, 0.009996080382844691, 0.017545759253980848, 0.651229239488802, 0.009996080382844691], [0.71343856588978, 0.19332282807920068, 0.009996084193622969, 0.01459195174845891, 0.05865448589531439, 0.009996084193622969], [0.1403686242627854, 0.18583972731147488, 0.009996081629838971, 0.01920418882523719, 0.6345952963408245, 0.009996081629838971], [0.7471718056549744, 0.17461841121312272, 0.00999612837373713, 0.01637054521314345, 0.04184698117128529, 0.00999612837373713], [0.7703395249670834, 0.07203345427439585, 0.1065556940633055, 0.01411329487644446, 0.02695910506661018, 0.009998926752160546], [0.95011876625803, 0.009976246748393995, 0.009976246748393995, 0.009976246748393995, 0.009976246748393995, 0.009976246748393995]], [[0.95011876625803, 0.009976246748393995, 0.009976246748393995, 0.009976246748393995, 0.009976246748393995, 0.009976246748393995], [0.7169169642726624, 0.09147750527630115, 0.11402921877302144, 0.016684184972371344, 0.05089311705806909, 0.009999009647574492], [0.3900847837045846, 0.292210495571478, 0.009996079433640295, 0.029533101476456904, 0.2681794603802, 0.009996079433640295], [0.6460577576008705, 0.20615688293922035, 0.009996080308397277, 0.037151393512295926, 0.09064180533081875, 0.009996080308397277], [0.7075738238241241, 0.17512885533019046, 0.00999607971281804, 0.024300131577754732, 0.0730050298422947, 0.00999607971281804], [0.7333372753117862, 0.15263093987953322, 0.009996079917548393, 0.02609693006653992, 0.0679426949070438, 0.009996079917548393], [0.7127652381979513, 0.1687180520200214, 0.009996080178114312, 0.02178668933166884, 0.07673786009412971, 0.009996080178114312], [0.7235546008277568, 0.1696772336339582, 0.009996080317703205, 0.022030027441879027, 0.06474597746099958, 0.009996080317703205], [0.7223501872341456, 0.18238190888996644, 0.009996080289785426, 0.023787649815431567, 0.05148809348088555, 0.009996080289785426], [0.1479952064865516, 0.2295302326006071, 0.009996079647676565, 0.017968468811351515, 0.5845139328061367, 0.009996079647676565], [0.37284336198865337, 0.39833444700356757, 0.009996079768653588, 0.03344703290371342, 0.1753829985667584, 0.009996079768653588], [0.1611343989160514, 0.20574652650293632, 0.009996079861712841, 0.022923800353732263, 0.5902031145038543, 0.009996079861712841], [0.7319673120212006, 0.16523584779788034, 0.009996079266133655, 0.021987571682982973, 0.06081710996566882, 0.009996079266133655], [0.14147361532632272, 0.16986815555070947, 0.009996079275439579, 0.01791772495292536, 0.6507483456191632, 0.009996079275439579], [0.733316917359041, 0.19292447379797747, 0.00999607965698249, 0.01624048608007409, 0.03752596344894255, 0.00999607965698249], [0.7098062800175092, 0.21111637335703154, 0.009996079787265442, 0.01760404322813878, 0.041481143822789696, 0.009996079787265442], [0.6977019534165143, 0.21054536049530007, 0.00999607975004174, 0.02043383921653512, 0.051326687371567085, 0.00999607975004174], [0.7018048840022542, 0.21378534120376705, 0.009996080168808387, 0.016279910939320727, 0.048137703517041205, 0.009996080168808387], [0.1492177139042493, 0.18247698795904002, 0.009996080103666908, 0.021145714588287068, 0.6271674233410899, 0.009996080103666908], [0.7222345082276987, 0.17275587356630687, 0.00999607965698249, 0.021257782930012886, 0.06375967596201668, 0.00999607965698249], [0.6752690554051898, 0.2208894779702665, 0.009996080243255795, 0.020362958752081654, 0.06348634738595052, 0.009996080243255795], [0.436113374423664, 0.2955264020590217, 0.009996080438680248, 0.030982229224113287, 0.2173858334158406, 0.009996080438680248], [0.7111439474686263, 0.2000331833901726, 0.009996079415028444, 0.018945787249029306, 0.049884923062114894, 0.009996079415028444], [0.7547358454745288, 0.16270618776474488, 0.009996080001301724, 0.016019079112112138, 0.046546727646010685, 0.009996080001301724], [0.1546045413200977, 0.16348158195701687, 0.009996079908242469, 0.016155337915054153, 0.6457663789913463, 0.009996079908242469], [0.7713633866720632, 0.1265292402904636, 0.00999607980587729, 0.020018607113634117, 0.06209660631208445, 0.00999607980587729], [0.11967698528163155, 0.13975496571424093, 0.00999607992685432, 0.020097883390732603, 0.7004780057596863, 0.00999607992685432], [0.797113914143095, 0.12798941337216485, 0.009996079498781766, 0.014819001539736419, 0.04008551194744015, 0.009996079498781766], [0.7288942157077956, 0.15724930815282356, 0.009996080317703205, 0.017991116626183835, 0.07587319887779065, 0.009996080317703205], [0.7424208501297208, 0.13431372473681288, 0.013447381720609176, 0.016810603552333377, 0.08300842977997012, 0.009999010080553735], [0.95011876625803, 0.009976246748393995, 0.009976246748393995, 0.009976246748393995, 0.009976246748393995, 0.009976246748393995], [0.7127141912877555, 0.12764735611441444, 0.09056975346558516, 0.019071536083946048, 0.039998153009646355, 0.009999010038652516], [0.7588549923267194, 0.15172881349654643, 0.010744664284395699, 0.015395581283564913, 0.05327757630357123, 0.009998372305202285], [0.09901111566137544, 0.1541463117667496, 0.009996079936160246, 0.012879046066006653, 0.7139713666335479, 0.009996079936160246], [0.11513361600787102, 0.1777884373464436, 0.009996080522433585, 0.021453507343584515, 0.6656322782572337, 0.009996080522433585], [0.6986314698834799, 0.2047234240419894, 0.009996081955546486, 0.01725280726560747, 0.05940013489783043, 0.009996081955546486], [0.09315710133391278, 0.22313660641594263, 0.009996079880324695, 0.023752920850155325, 0.6399612116393399, 0.009996079880324695], [0.7244947215486186, 0.19244982161348964, 0.00999607982448914, 0.01784986310815935, 0.04521343408075408, 0.00999607982448914], [0.791877945884153, 0.08094719116124953, 0.06890750277785912, 0.015800291654418524, 0.032468132444018874, 0.009998936078300992], [0.95011876625803, 0.009976246748393995, 0.009976246748393995, 0.009976246748393995, 0.009976246748393995, 0.009976246748393995]], [[0.95011876625803, 0.009976246748393995, 0.009976246748393995, 0.009976246748393995, 0.009976246748393995, 0.009976246748393995], [0.749310415398724, 0.0637714296491823, 0.12152756483387082, 0.014393820724784834, 0.04099775943858792, 0.00999900995485008], [0.6485229534628792, 0.2218496763075765, 0.009996111846280614, 0.021798567886798136, 0.08783657865018492, 0.009996111846280614], [0.6637692727196839, 0.20524606791714153, 0.009996082095135424, 0.02990541917386842, 0.08108707599903534, 0.009996082095135424], [0.6555535761207952, 0.18743276753342053, 0.009996080019913575, 0.021224237497822845, 0.11579725880813431, 0.009996080019913575], [0.7284303678323726, 0.14888037449615812, 0.00999608014089061, 0.022552448797551455, 0.08014464859213659, 0.00999608014089061], [0.7208604983816008, 0.154442602343369, 0.009996081266907767, 0.02143276906533613, 0.08327196767587847, 0.009996081266907767], [0.7205744573514368, 0.16059710047906492, 0.00999607969420619, 0.019976603065972327, 0.07885967971511376, 0.00999607969420619], [0.10500530148738282, 0.16817708637806153, 0.00999607994546617, 0.018447493099979673, 0.6883779591436435, 0.00999607994546617], [0.6901629229009185, 0.21710704125972755, 0.009996079368498825, 0.02375233385264003, 0.04898554324971636, 0.009996079368498825], [0.6692335003896729, 0.2319198614281127, 0.009996079489475843, 0.019936971510425703, 0.05891750769283725, 0.009996079489475843], [0.7001917308574918, 0.19749401056578658, 0.009996079461558068, 0.01961755535465213, 0.06270454429895331, 0.009996079461558068], [0.7521282672647303, 0.14729207059266108, 0.009996079954772096, 0.020747569470997502, 0.05983993276206693, 0.009996079954772096], [0.10347235578965376, 0.14434666358528872, 0.009996079415028444, 0.01491974740232399, 0.7172690743926766, 0.009996079415028444], [0.08006110028091876, 0.15172979216379526, 0.009996079647676563, 0.016984212398693875, 0.7312327358612389, 0.009996079647676563], [0.7667305864948838, 0.16235639230971713, 0.009996079424334371, 0.016152948704728224, 0.034767913642002254, 0.009996079424334371], [0.701774692536739, 0.2007417465131678, 0.009996081574003399, 0.019362961391669577, 0.05812843641041687, 0.009996081574003399], [0.731741679459891, 0.18276151652010206, 0.009996080103666906, 0.01796203134580716, 0.04754261246686589, 0.009996080103666906], [0.6960542482874635, 0.19569087188699485, 0.009996080513127658, 0.019479270300117466, 0.06878344849916876, 0.009996080513127658], [0.6996192320445507, 0.2026618438786571, 0.009996079861712841, 0.019119361394568952, 0.05860740295879758, 0.009996079861712841], [0.7291391094503443, 0.19841177188300635, 0.009996079419681407, 0.014632649750339479, 0.037824310076946935, 0.009996079419681407], [0.7094920555180461, 0.2034076256918965, 0.009996079666288413, 0.017626812143661512, 0.04948134731381915, 0.009996079666288413], [0.726683164956321, 0.1832153625308855, 0.0099960793219692, 0.017298956253026007, 0.05281035761582897, 0.0099960793219692], [0.1344485660709594, 0.16887622627682575, 0.00999607984310099, 0.02154155896069374, 0.6551414890053191, 0.00999607984310099], [0.13045311551625477, 0.12184368355092122, 0.009996079750041739, 0.02018753352438387, 0.7075235079083567, 0.009996079750041739], [0.7587480678913058, 0.1314270630300848, 0.009996082606961573, 0.021805581448355798, 0.0680271224163304, 0.009996082606961573], [0.7405885830213864, 0.12770687352731308, 0.009996080094360982, 0.021024378849292622, 0.09068800441328606, 0.009996080094360982], [0.7463316821278607, 0.14313460669369502, 0.009996079889630617, 0.021155090927373957, 0.06938646047180895, 0.009996079889630617], [0.15588891416419492, 0.1715522558571709, 0.009996079791918402, 0.016268116610890962, 0.6362985537839063, 0.009996079791918402], [0.35289703359303953, 0.42874059484017296, 0.009996864747793488, 0.03944060535488829, 0.15892803671631217, 0.009996864747793488