{"prediction": [[[0.9999950000250003, 9.999950000250002e-07, 9.999950000250002e-07, 9.999950000250002e-07, 9.999950000250002e-07, 9.999950000250002e-07], [0.9999950000250003, 9.999950000250002e-07, 9.999950000250002e-07, 9.999950000250002e-07, 9.999950000250002e-07, 9.999950000250002e-07], [0.9999950000250003, 9.999950000250002e-07, 9.999950000250002e-07, 9.999950000250002e-07, 9.999950000250002e-07, 9.999950000250002e-07], [0.9999950000250003, 9.999950000250002e-07, 9.999950000250002e-07, 9.999950000250002e-07, 9.999950000250002e-07, 9.999950000250002e-07], [0.9999950000250003, 9.999950000250002e-07, 9.999950000250002e-07, 9.999950000250002e-07, 9.999950000250002e-07, 9.999950000250002e-07], [0.9999950000250003, 9.999950000250002e-07, 9.999950000250002e-07, 9.999950000250002e-07, 9.999950000250002e-07, 9.999950000250002e-07], [0.9999950000250003, 9.999950000250002e-07, 9.999950000250002e-07, 9.999950000250002e-07, 9.999950000250002e-07, 9.999950000250002e-07], [0.9999950000250003, 9.999950000250002e-07, 9.999950000250002e-07, 9.999950000250002e-07, 9.999950000250002e-07, 9.999950000250002e-07], [0.9999950000250003, 9.999950000250002e-07, 9.999950000250002e-07, 9.999950000250002e-07, 9.999950000250002e-07, 9.999950000250002e-07], [0.9999950000250003, 9.999950000250002e-07, 9.999950000250002e-07, 9.999950000250002e-07, 9.999950000250002e-07, 9.999950000250002e-07], [0.9999950000250003, 9.999950000250002e-07, 9.999950000250002e-07, 9.999950000250002e-07, 9.999950000250002e-07, 9.999950000250002e-07], [0.9999950000250003, 9.999950000250002e-07, 9.999950000250002e-07, 9.999950000250002e-07, 9.999950000250002e-07, 9.999950000250002e-07], [0.9999950000250003, 9.999950000250002e-07, 9.999950000250002e-07, 9.999950000250002e-07, 9.999950000250002e-07, 9.999950000250002e-07], [0.9999950000250003, 9.999950000250002e-07, 9.999950000250002e-07, 9.999950000250002e-07, 9.999950000250002e-07, 9.999950000250002e-07], [0.9999950000250003, 9.999950000250002e-07, 9.999950000250002e-07, 9.999950000250002e-07, 9.999950000250002e-07, 9.999950000250002e-07], [0.9999950000250003, 9.999950000250002e-07, 9.999950000250002e-07, 9.999950000250002e-07, 9.999950000250002e-07, 9.999950000250002e-07], [0.9999950000250003, 9.999950000250002e-07, 9.999950000250002e-07, 9.999950000250002e-07, 9.999950000250002e-07, 9.999950000250002e-07], [0.9999950000250003, 9.999950000250002e-07, 9.999950000250002e-07, 9.999950000250002e-07, 9.999950000250002e-07, 9.999950000250002e-07], [0.9999950000250003, 9.999950000250002e-07, 9.999950000250002e-07, 9.999950000250002e-07, 9.999950000250002e-07, 9.999950000250002e-07], [0.9999950000250003, 9.999950000250002e-07, 9.999950000250002e-07, 9.999950000250002e-07, 9.999950000250002e-07, 9.999950000250002e-07], [0.9999950000250003, 9.999950000250002e-07, 9.999950000250002e-07, 9.999950000250002e-07, 9.999950000250002e-07, 9.999950000250002e-07], [0.9999950000250003, 9.999950000250002e-07, 9.999950000250002e-07, 9.999950000250002e-07, 9.999950000250002e-07, 9.999950000250002e-07], [0.9999950000250003, 9.999950000250002e-07, 9.999950000250002e-07, 9.999950000250002e-07, 9.999950000250002e-07, 9.999950000250002e-07], [0.9999950000250003, 9.999950000250002e-07, 9.999950000250002e-07, 9.999950000250002e-07, 9.999950000250002e-07, 9.999950000250002e-07], [0.9999950000250003, 9.999950000250002e-07, 9.999950000250002e-07, 9.999950000250002e-07, 9.999950000250002e-07, 9.999950000250002e-07], [0.9999950000250003, 9.999950000250002e-07, 9.999950000250002e-07, 9.999950000250002e-07, 9.999950000250002e-07, 9.999950000250002e-07], [0.9999950000250003, 9.999950000250002e-07, 9.999950000250002e-07, 9.999950000250002e-07, 9.999950000250002e-07, 9.999950000250002e-07], [0.9999950000250003, 9.999950000250002e-07, 9.999950000250002e-07, 9.999950000250002e-07, 9.999950000250002e-07, 9.999950000250002e-07], [0.9999950000250003, 9.999950000250002e-07, 9.999950000250002e-07, 9.999950000250002e-07, 9.999950000250002e-07, 9.999950000250002e-07], [0.9999950000250003, 9.999950000250002e-07, 9.999950000250002e-07, 9.999950000250002e-07, 9.999950000250002e-07, 9.999950000250002e-07], [0.9999950000250003, 9.999950000250002e-07, 9.999950000250002e-07, 9.999950000250002e-07, 9.999950000250002e-07, 9.999950000250002e-07], [0.9999950000250003, 9.999950000250002e-07, 9.999950000250002e-07, 9.999950000250002e-07, 9.999950000250002e-07, 9.999950000250002e-07], [0.9999950000250003, 9.999950000250002e-07, 9.999950000250002e-07, 9.999950000250002e-07, 9.999950000250002e-07, 9.999950000250002e-07], [0.9999950000250003, 9.999950000250002e-07, 9.999950000250002e-07, 9.999950000250002e-07, 9.999950000250002e-07, 9.999950000250002e-07], [0.9999950000250003, 9.999950000250002e-07, 9.999950000250002e-07, 9.999950000250002e-07, 9.999950000250002e-07, 9.999950000250002e-07], [0.9999950000250003, 9.999950000250002e-07, 9.999950000250002e-07, 9.999950000250002e-07, 9.999950000250002e-07, 9.999950000250002e-07], [0.9999950000250003, 9.999950000250002e-07, 9.999950000250002e-07, 9.999950000250002e-07, 9.999950000250002e-07, 9.999950000250002e-07], [0.9999950000250003, 9.999950000250002e-07, 9.999950000250002e-07, 9.999950000250002e-07, 9.999950000250002e-07, 9.999950000250002e-07], [0.9999950000250003, 9.999950000250002e-07, 9.999950000250002e-07, 9.999950000250002e-07, 9.999950000250002e-07, 9.999950000250002e-07], [0.9999950000250003, 9.999950000250002e-07, 9.999950000250002e-07, 9.999950000250002e-07, 9.999950000250002e-07, 9.999950000250002e-07]], [[0.9999950000250003, 9.999950000250002e-07, 9.999950000250002e-07, 9.999950000250002e-07, 9.999950000250002e-07, 9.999950000250002e-07], [0.9949008911971899, 0.004151624402200417, 0.0006712336955495471, 0.0001300894644222357, 0.0001451535237504794, 1.0077168873846398e-06], [0.9909763349199987, 0.0036201616718372176, 0.0014021932592841147, 0.00016997281237893103, 0.003830333485472615, 1.003851028495785e-06], [0.9920472901012013, 0.005270273602452665, 0.0018869369963969383, 0.00036639130304804026, 0.00042810414587254734, 1.003851028489086e-06], [0.9878618073603518, 0.007828151171172054, 0.0026424804644229966, 0.0007210041799577367, 0.000945552973067028, 1.00385102848906e-06], [0.9771614373893397, 0.012218165269737097, 0.004563556218266703, 0.0012820974026449478, 0.004773739868983037, 1.0038510284880371e-06], [0.010761747403643898, 0.013292182330159448, 0.0079539144072634, 0.0013166063326044137, 0.9666745456753006, 1.003851028223472e-06], [0.011279972748493948, 0.015867795596081865, 0.009512981891313277, 0.0015014141173026732, 0.96183683179578, 1.0038510282224491e-06], [0.9591945063096073, 0.019321048305756917, 0.007629424024112676, 0.0021367931163068475, 0.011717224393187946, 1.0038510282224491e-06], [0.013167476928806625, 0.022074331577670914, 0.012001266505611527, 0.0018603523408830301, 0.9508955687959997, 1.0038510282224491e-06], [0.9177790009354555, 0.04159489634581834, 0.026807067681135967, 0.003632860127921916, 0.010185171058640051, 1.0038510282224493e-06], [0.8545108859469354, 0.07350377164627007, 0.05068338274352914, 0.008216466070416931, 0.013084489741820228, 1.0038510282224491e-06], [0.8002857415218443, 0.09419541712206962, 0.07521546466804116, 0.010970794365339334, 0.019331578471677442, 1.0038510282224493e-06], [0.7469314614265395, 0.11125471685816195, 0.09932234159065692, 0.013952167372360323, 0.028538308901253077, 1.0038510282224493e-06], [0.708667316846873, 0.12327885692105647, 0.11759690970398863, 0.01630636688024509, 0.0341495457968086, 1.0038510282224493e-06], [0.07032299448753153, 0.13261814288058346, 0.12442086903162784, 0.014785604818119977, 0.657851384931109, 1.003851028222449e-06], [0.7065226977292376, 0.12359465133212509, 0.11759690970398862, 0.016307951277143632, 0.03597678610647675, 1.0038510282224493e-06], [0.7463625757181251, 0.1111827232769519, 0.09928984179364819, 0.013945927404793704, 0.02921792795545286, 1.0038510282224491e-06], [0.04821427271900631, 0.08277438653199139, 0.06680872168417211, 0.009491553667165278, 0.7927100615466367, 1.003851028222449e-06], [0.8516720966223308, 0.07327253190360915, 0.05073162075098303, 0.008226253914246211, 0.0160964929578026, 1.0038510282224491e-06], [0.8626462891757967, 0.06940660941682392, 0.04794909693043279, 0.007680564558488473, 0.012316436067429961, 1.003851028223472e-06], [0.7919983575828495, 0.09716434894222349, 0.0791196962569792, 0.011407442159085467, 0.020309151207833685, 1.003851028488037e-06], [0.7110181537360821, 0.12328460990925265, 0.11763262231840636, 0.01632178956778252, 0.03174182061744783, 1.0038510284890602e-06], [0.6360797095122944, 0.14447429966645586, 0.1539470388448768, 0.021527920287545323, 0.04397002783779911, 1.00385102848906e-06], [0.5991549277871141, 0.1611248987809298, 0.16736434268517197, 0.024299614775826678, 0.048055212119928775, 1.0038510284890597e-06], [0.5873651848365911, 0.16887034370595091, 0.17032895122406386, 0.02528562802625213, 0.048148888356113376, 1.0038510284890597e-06], [0.6007489044625306, 0.1610824490570742, 0.167364342685172, 0.024298043339678128, 0.04650525660451663, 1.0038510284890597e-06], [0.6378459620155477, 0.14445086671920784, 0.1539470388448768, 0.021525541569726067, 0.04222958699961312, 1.00385102848906e-06], [0.7110249582063799, 0.12328451995243103, 0.11763262231840638, 0.01632178039519796, 0.03173511527655621, 1.0038510284890602e-06], [0.7915616841959898, 0.09732568161899724, 0.07931736552414108, 0.011431591442955401, 0.02036267336688795, 1.00385102848906e-06], [0.7490348907549917, 0.1113624029273015, 0.09938852792142262, 0.013965440724814282, 0.026247733820441387, 1.00385102848906e-06], [0.6836129395442248, 0.13155349473755043, 0.1309856771547208, 0.018169026942216164, 0.035677857770259384, 1.00385102848906e-06], [0.6363509399117999, 0.1444503892811527, 0.15380584528808117, 0.021516753716452907, 0.04387506795148474, 1.00385102848906e-06], [0.691838064536663, 0.1264843371168375, 0.11736387471796046, 0.017895595348835468, 0.04641712057776069, 1.007701942726189e-06], [0.9999950000250003, 9.999950000250002e-07, 9.999950000250002e-07, 9.999950000250002e-07, 9.999950000250002e-07, 9.999950000250002e-07], [0.0791740072330509, 0.1523125080058649, 0.10524423315911478, 0.01611284151457106, 0.6471553985048824, 1.0115825160408495e-06], [0.7959161371216508, 0.09439222106744327, 0.0656906832269393, 0.012383866094114687, 0.03161608862399274, 1.0038658591434266e-06], [0.8175117876961652, 0.08729216580816719, 0.06765673396076341, 0.010117958562868517, 0.01742035012100713, 1.0038510284890638e-06], [0.9112197241283614, 0.04474630956993398, 0.029226256390156493, 0.0049837590291264, 0.009822943165534361, 1.0077168873846138e-06], [0.9999950000250003, 9.999950000250002e-07, 9.999950000250002e-07, 9.999950000250002e-07, 9.999950000250002e-07, 9.999950000250002e-07]], [[0.9999950000250003, 9.999950000250002e-07, 9.999950000250002e-07, 9.999950000250002e-07, 9.999950000250002e-07, 9.999950000250002e-07], [0.9841115200908105, 0.007767637470920878, 0.002648117656548443, 0.0007205232479272603, 0.004751197682764356, 1.0038510284957847e-06], [0.012234163814821276, 0.004176002446882641, 1.6582191661170314e-05, 0.0005488044887841274, 0.9830234453335798, 1.0017242709300672e-06], [0.9805738035038395, 0.013603997006081675, 8.262916815822875e-06, 0.0008861111090812516, 0.0049268254595045665, 1.0000046774381709e-06], [0.9719493799169815, 0.02468482454688898, 1.1172575646842035e-05, 0.0011909992574909403, 0.0021626237029918663, 9.999999999980041e-07], [0.957563560731872, 0.03740291125377852, 1.8570546725680082e-05, 0.002035053732035709, 0.0029789037355883955, 9.999999997344498e-07], [0.9491641270777161, 0.04153340337609046, 3.1558944660855845e-05, 0.0025538286651428607, 0.006716081936458196, 9.999999315607526e-07], [0.9353521647116929, 0.048030627602571645, 3.756278908443216e-05, 0.0030759632267050043, 0.013502681670014787, 9.999999312971985e-07], [0.02029162555887546, 0.1335786403046495, 3.0309039685682516e-05, 0.003388101415452985, 0.8427103236814051, 9.999999312971985e-07], [0.015403150631993812, 0.05599708846561347, 4.714539514033494e-05, 0.0031693551129583913, 0.9253822603943627, 9.999999312971985e-07], [0.8197779116504249, 0.1636158535453761, 0.000104163856449708, 0.005256288705128502, 0.011244782242689502, 9.999999312971987e-07], [0.7456047915138309, 0.22989398734058164, 0.00019611367601408175, 0.008946175032096477, 0.01535793243754558, 9.999999312971983e-07], [0.6648229370334966, 0.29362159119445397, 0.0002905889122723866, 0.012699721339741019, 0.028564161520104887, 9.999999312971987e-07], [0.07955910843083099, 0.274814952273034, 0.00038342664613134447, 0.015913583856188157, 0.6293279287938842, 9.999999312971985e-07], [0.6398274621340598, 0.3005389135881801, 0.00045380363840367245, 0.018055420109574668, 0.04112340052985041, 9.999999312971985e-07], [0.16443277337003362, 0.31849725896354714, 0.00048008331461213844, 0.019468375711258413, 0.49712050864061746, 9.999999312971985e-07], [0.08749805630800003, 0.3813275295494273, 0.00045380363840367245, 0.01846368478735353, 0.5122559257168843, 9.999999312971985e-07], [0.6824578715973475, 0.2673437092041271, 0.00038330148651341274, 0.01577922014717061, 0.03403489756491026, 9.999999312971987e-07], [0.7426445430129253, 0.21730857060933118, 0.00025821379498687416, 0.012693147956160396, 0.02709452462666508, 9.999999312971985e-07], [0.8220041288442843, 0.15347597720692005, 0.00019629944488461055, 0.008950971578699169, 0.015371622925280605, 9.999999312971985e-07], [0.8714517572057833, 0.11134831177334581, 0.0001855839609921013, 0.006541327783813752, 0.010472019276133565, 9.999999315607528e-07], [0.7373325578880243, 0.22589838444430685, 0.0003056929135320288, 0.013127803477901908, 0.023334561276235274, 9.999999997344498e-07], [0.6400034140023027, 0.3036050193909893, 0.00045400990172136995, 0.017855904292664922, 0.03808065241232183, 9.99999999998004e-07], [0.1061677054586167, 0.3757247955837444, 0.0005938599693294202, 0.023003536433454857, 0.49450910255485464, 9.999999999980037e-07], [0.1133254620410824, 0.41064909826157564, 0.000645531207054396, 0.025891184346150127, 0.44948772414413735, 9.999999999980037e-07], [0.32005909774662045, 0.4980061174493898, 0.000656948179823137, 0.036585877808655416, 0.14469095881551128, 9.99999999998004e-07], [0.5240586684180523, 0.3997107254121074, 0.0006455312070543962, 0.02548625934450742, 0.05009781561827852, 9.99999999998004e-07], [0.5612926549771187, 0.369686633478571, 0.0005938599693294203, 0.022390592460035767, 0.04603525911494511, 9.999999999980037e-07], [0.6417565752701316, 0.3035820126172309, 0.00045400990172136995, 0.017853550614119702, 0.03635285159679645, 9.99999999998004e-07], [0.7364552235460496, 0.22663512200747793, 0.00030645441919855543, 0.013170958885205638, 0.023431241142068328, 9.99999999998004e-07], [0.6571651055325116, 0.2911062844219868, 0.0003837502616413495, 0.01708962328786731, 0.034254236495992824, 9.99999999998004e-07], [0.5768239890154813, 0.3542428263247209, 0.0005054337107827502, 0.021323266824625653, 0.04710348412438945, 9.99999999998004e-07], [0.11106985163138311, 0.39581223751190314, 0.0006369589356634404, 0.0246495607563357, 0.4678303911647147, 9.99999999998008e-07], [0.5904167037402863, 0.32559915270889983, 0.012394067030032317, 0.018570501132878336, 0.05301857537318603, 1.000014717082439e-06], [0.10689574676900189, 0.1624565283491988, 0.1704040704213834, 0.024278663402128645, 0.5359639833712888, 1.0076869985110232e-06], [0.9999950000250003, 9.999950000250002e-07, 9.999950000250002e-07, 9.999950000250002e-07, 9.999950000250002e-07, 9.999950000250002e-07], [0.7120341698309691, 0.12256581376548566, 0.11747212034819512, 0.016272776605012335, 0.03165411176333926, 1.0076869985110234e-06], [0.8255228936748706, 0.14067039179286475, 0.009770591953771474, 0.009416920496806131, 0.014618202066969796, 1.0000147170824467e-06], [0.859774958952288, 0.06927187095812079, 0.04778665443339793, 0.007659845899126212, 0.015505665906038586, 1.0038510284890635e-06], [0.9999950000250003, 9.999950000250002e-07, 9.999950000250002e-07, 9.999950000250002e-07, 9.999950000250002e-07, 9.999950000250002e-07]], [[0.9999950000250003, 9.999950000250002e-07, 9.999950000250002e-07, 9.999950000250002e-07, 9.999950000250002e-07, 9.999950000250002e-07], [0.9677147192382811, 0.018143020767408844, 0.007283731434509736, 0.0020289781042723137, 0.004828546604499582, 1.003851028489086e-06], [0.011628942817407622, 0.026406333284505194, 2.904645512458494e-05, 0.0008710701975906969, 0.9610636072406945, 1.0000046774361935e-06], [0.9651838241722288, 0.027412748927816272, 9.999999999960515e-07, 0.0012673746043447387, 0.006134052295610024, 9.999999999960515e-07], [0.9436881644956727, 0.04670380658958333, 9.99999999996e-07, 0.0028116095219018664, 0.006794419392842191, 9.99999999996e-07], [0.9158707919007238, 0.07106986881485787, 9.99999999466862e-07, 0.004490166506577241, 0.008567172777841994, 9.99999999466862e-07], [0.8962877670679399, 0.08744953989062959, 9.999998625943987e-07, 0.0052544092246657945, 0.011006283817039358, 9.999998625943987e-07], [0.028083413423453604, 0.10133306411046844, 9.999998620652604e-07, 0.005446107850492751, 0.865135414615861, 9.999998620652604e-07], [0.8646795553282047, 0.11185075488242072, 9.99999862065261e-07, 0.006503739850026583, 0.016963949939623864, 9.99999862065261e-07], [0.7967703644568658, 0.1812198230290276, 9.999998620652604e-07, 0.006188744028783542, 0.01581906848559887, 9.999998620652604e-07], [0.8022157348131563, 0.18179675701360234, 9.999998620652608e-07, 0.006205636975696294, 0.009779871197821028, 9.999998620652608e-07], [0.7076565399510611, 0.2585431677804623, 9.999998620652608e-07, 0.010551756325298256, 0.023246535943454123, 9.999998620652608e-07], [0.07238912754941365, 0.3305978860648956, 9.99999862065261e-07, 0.01455666659370283, 0.5824543197922639, 9.99999862065261e-07], [0.563225480254665, 0.3772372526820434, 9.999998620652604e-07, 0.018046739501985525, 0.041488527561581785, 9.999998620652604e-07], [0.4587668147282517, 0.4799328636890804, 9.999998620652604e-07, 0.020469847421543626, 0.040828474161400084, 9.999998620652604e-07], [0.5937179274021587, 0.33995104678865934, 9.999998620652608e-07, 0.021573112288764518, 0.04475591352069342, 9.999998620652608e-07], [0.5319675782028082, 0.3289895202020303, 9.999998620652608e-07, 0.020471425740074427, 0.11856947585536307, 9.999998620652608e-07], [0.568590971767675, 0.37601207278027987, 9.999998620652608e-07, 0.018045869757606817, 0.03734908569471427, 9.999998620652608e-07], [0.7070273531868382, 0.24744433177160596, 9.999998620652608e-07, 0.014466023733190472, 0.031060291308641318, 9.999998620652608e-07], [0.7891210337586886, 0.1817099325658043, 9.999998620652608e-07, 0.01055039999631986, 0.018616633679463233, 9.999998620652608e-07], [0.8783514507009377, 0.10563608305149408, 9.999998625943987e-07, 0.006225198114718379, 0.00978526813312457, 9.999998625943987e-07], [0.7509457767991545, 0.2146124272498251, 9.99999999466862e-07, 0.012460797327597162, 0.02197899862342422, 9.99999999466862e-07], [0.6570253857222699, 0.2916237437381795, 9.999999999960003e-07, 0.017091091002076654, 0.034257779537474095, 9.999999999960003e-07], [0.5782529757299122, 0.354918329426369, 9.999999999960003e-07, 0.021323232465333086, 0.045503462378385866, 9.999999999960003e-07], [0.5361868695183096, 0.38804507369223773, 9.999999999960003e-07, 0.02418817001782577, 0.051577886771626884, 9.999999999960003e-07], [0.5238094124613661, 0.40058526835225244, 9.99999999996e-07, 0.025485878623089517, 0.050117440563291864, 9.99999999996e-07], [0.5396106420090184, 0.3879765466374333, 9.999999999960003e-07, 0.024184739855733734, 0.04822607149781457, 9.999999999960003e-07], [0.5779473826761392, 0.3549297875012047, 9.99999999996e-07, 0.02132151851621691, 0.04579931130643916, 9.99999999996e-07], [0.6567409493093944, 0.2918495393128571, 9.999999999960003e-07, 0.017104617247044304, 0.03430289413070411, 9.999999999960003e-07], [0.7337142040845459, 0.22741508001296998, 9.99999999996e-07, 0.013193149189595089, 0.025675566712889, 9.99999999996e-07], [0.637570032829169, 0.30428707214773176, 9.999999999960003e-07, 0.01785939247305455, 0.04028150255004478, 9.999999999960003e-07], [0.10592935480838557, 0.3765360714223965, 9.99999999996e-07, 0.023002796859272794, 0.49452977690994515, 9.99999999996e-07], [0.11143798223152786, 0.4115566425266414, 1.1687197738413864e-06, 0.02589257866073273, 0.4511106278613243, 9.999999999980003e-07], [0.3203137176465551, 0.497723216425118, 0.0007006352416884478, 0.03655920876109495, 0.14470222192554352, 9.999999999980077e-07], [0.5854699644370023, 0.16887522791969894, 0.1703404665393195, 0.025285507205213217, 0.05002783004773749, 1.0038510284890597e-06], [0.9999950000250003, 9.999950000250002e-07, 9.999950000250002e-07, 9.999950000250002e-07, 9.999950000250002e-07, 9.999950000250002e-07], [0.9999950000250003, 9.999950000250002e-07, 9.999950000250002e-07, 9.999950000250002e-07, 9.999950000250002e-07, 9.999950000250002e-07], [0.8110118004892207, 0.1479704920114086, 0.0097009921432987, 0.009812144747338993, 0.02150356678736427, 1.0038213684949066e-06], [0.03936593528409371, 0.060563038774841794, 0.049320786317483704, 0.006384090670654725, 0.8443651451018975, 1.0038510284890635e-06], [0.9999950000250003, 9.999950000250002e-07, 9.999950000250002e-07, 9.999950000250002e-07, 9.999950000250002e-07, 9.999950000250002e-07]], [[0.9999950000250003, 9.999950000250002e-07, 9.999950000250002e-07, 9.999950000250002e-07, 9.999950000250002e-07, 9.999950000250002e-07], [0.9347384537450354, 0.033491421322868475, 0.020757109023363734, 0.002661566359823063, 0.008350445697880795, 1.00385102848906e-06], [0.021956473574916303, 0.06820577358190602, 9.883423959197368e-05, 0.0039871881271621576, 0.9057507304764236, 9.999999999980077e-07], [0.9258286555849952, 0.05658444676688089, 1.069201356765179e-06, 0.0036395447953240837, 0.013945283651443065, 9.99999999998e-07], [0.02549435367307255, 0.08819660636284929, 9.99999999996e-07, 0.004931109234036247, 0.881375930730042, 9.99999999996e-07], [0.031391056454341405, 0.12522901618246304, 9.999999994668622e-07, 0.006694280850546049, 0.8366836465126507, 9.999999994668622e-07], [0.8134458962934495, 0.15360587240576384, 9.999998625943987e-07, 0.00894149030516878, 0.024004740995892702, 9.999998625943987e-07], [0.047496489285429495, 0.1827209782273117, 9.999998620652608e-07, 0.010667424999899375, 0.7591131074876354, 9.999998620652608e-07], [0.6958275205162002, 0.26786883237383896, 9.999998620652608e-07, 0.011119509444975086, 0.025182137665261707, 9.999998620652608e-07], [0.05019866099287263, 0.25895040903620076, 9.99999862065261e-07, 0.010670291931045763, 0.6801786380401569, 9.99999862065261e-07], [0.815506670296749, 0.1550901596999853, 9.999998620652608e-07, 0.008962314976789964, 0.020438855026751603, 9.999998620652608e-07], [0.05300331646628277, 0.26957774750528585, 9.999998620652608e-07, 0.01138365786467124, 0.6660332781640361, 9.999998620652608e-07], [0.6129676653219713, 0.3343603909226743, 9.999998620652608e-07, 0.015115369937253313, 0.037554573818376936, 9.999998620652608e-07], [0.5519576320562566, 0.3900976722875336, 9.999998620652608e-07, 0.018950657926391765, 0.038992037730093854, 9.999998620652608e-07], [0.5938104605612626, 0.3402539274773679, 9.999998620652604e-07, 0.021572706531161525, 0.04436090543048379, 9.999998620652604e-07], [0.2740704604109255, 0.4978616678281442, 9.999998620652608e-07, 0.03096547966622337, 0.19710039209498278, 9.999998620652608e-07], [0.5198659413023924, 0.33963905407516776, 9.999998620652608e-07, 0.02157111177013984, 0.11892189285257582, 9.999998620652608e-07], [0.6233625147991246, 0.3142263317672645, 9.999998620652608e-07, 0.01895357942520739, 0.04345557400867945, 9.999998620652608e-07], [0.07711310469317123, 0.3411014892671936, 9.999998620652608e-07, 0.015462912688487604, 0.5663204933514235, 9.999998620652608e-07], [0.7750180193339445, 0.19201119029502145, 9.999998620652608e-07, 0.011122176609997125, 0.021846613761312802, 9.999998620652608e-07], [0.8683357867673255, 0.11204912885628454, 9.999998625943987e-07, 0.00655130118006437, 0.013061783196600387, 9.999998625943987e-07], [0.7867777861533868, 0.18161197413905572, 9.99999999466862e-07, 0.01057297544324427, 0.021035264264314193, 9.99999999466862e-07], [0.6993504718867839, 0.257152657725934, 9.999999999960003e-07, 0.014999120537685985, 0.028495749849596044, 9.999999999960003e-07], [0.6258626319067877, 0.3156563595297553, 9.99999999996e-07, 0.018637232481135222, 0.03984177608232168, 9.99999999996e-07], [0.10304378858413657, 0.361716799055689, 9.999999999960003e-07, 0.021803834667366667, 0.5134335776928078, 9.999999999960003e-07], [0.5570795922367855, 0.3705609259952958, 9.99999999996e-07, 0.022391995905234236, 0.049965485862684504, 9.99999999996e-07], [0.5757480376688695, 0.3550564174055813, 9.999999999960003e-07, 0.021328080024283283, 0.047865464901265954, 9.999999999960003e-07], [0.08937971665666648, 0.32506005175757235, 9.999999999960003e-07, 0.018832957986261542, 0.5667252735994996, 9.999999999960003e-07], [0.6368287803364301, 0.30463864835420934, 9.99999999996e-07, 0.01787865563493591, 0.04065191567442455, 9.99999999996e-07], [0.0798844659892674, 0.3000928315174171, 9.999999999960003e-07, 0.01721139659868709, 0.6028093058946286, 9.999999999960003e-07], [0.08129830903360713, 0.30040597092074905, 9.999999999960003e-07, 0.017230469441851134, 0.6010632506037928, 9.999999999960003e-07], [0.5760372433034907, 0.3549510152174229, 9.99999999996e-07, 0.021323700969360482, 0.047686040509725865, 9.99999999996e-07], [0.5361800911516948, 0.38804516330396205, 9.999999999960003e-07, 0.024188179155221964, 0.051584566389121206, 9.999999999960003e-07], [0.5222843152055456, 0.39973405625639014, 0.0006452941016983088, 0.025488615050331228, 0.05184671938603464, 9.999999999980037e-07], [0.598730185435975, 0.16105289495468883, 0.16730277430119567, 0.02429257227158558, 0.04862056918552649, 1.00385102848906e-06], [0.9999950000250003, 9.999950000250002e-07, 9.999950000250002e-07, 9.999950000250002e-07, 9.999950000250002e-07, 9.999950000250002e-07], [0.7539259436338015, 0.10654448871299284, 0.0804088580329894, 0.014499193105133491, 0.04462050881313986, 1.007701942726189e-06], [0.05113551853701737, 0.14854145476898498, 0.001513128071430209, 0.009347188901068445, 0.789461709706782, 1.0000147170824469e-06], [0.8566708708390353, 0.06935474236401694, 0.04779609316342339, 0.007663895525468592, 0.018513394257027194, 1.0038510284890635e-06], [0.9999950000250003, 9.999950000250002e-07, 9.999950000250002e-07, 9.999950000250002e-07, 9.999950000250002e-07, 9.999950000250002e-07]], [[0.9999950000250003, 9.999950000250002e-07, 9.999950000250002e-07, 9.999950000250002e-07, 9.999950000250002e-07, 9.999950000250002e-07], [0.8986754037789506, 0.05035716548854019, 0.03312859464850395, 0.005906647206490411, 0.011931181175571962, 1.0077019427261893e-06], [0.8823598945667777, 0.09042089856365818, 0.005076920095945857, 0.0063036503713271505, 0.015837636387574097, 1.000014717082439e-06], [0.0311000854169296, 0.11922174735882664, 0.0002524693815760134, 0.006428027510863189, 0.8429966703318046, 9.99999999998008e-07], [0.84230617370223, 0.13108738880967616, 2.9581958822260714e-05, 0.007685845261856444, 0.018890010267415096, 9.99999999998004e-07], [0.7586469639630992, 0.20309837198346942, 1.1067581921448734e-06, 0.011799667719637943, 0.026452889575601445, 9.99999999733431e-07], [0.06295264758124504, 0.22194081668893204, 9.999998625943985e-07, 0.01288334091010368, 0.702221194819994, 9.999998625943985e-07], [0.7039285185425599, 0.2471412181068337, 9.999998620652608e-07, 0.014466968163888297, 0.03446129518699399, 9.999998620652608e-07], [0.6203644469248322, 0.333714764655672, 9.999998620652608e-07, 0.015113688701841403, 0.030805099717930252, 9.999998620652608e-07], [0.628499394581777, 0.3236540709861706, 9.999998620652608e-07, 0.014467847835817118, 0.03337668659651115, 9.999998620652608e-07], [0.6692435384665926, 0.29390792961113893, 9.999998620652608e-07, 0.012697333065487565, 0.024149198857056756, 9.999998620652608e-07], [0.7801344175055839, 0.18360762373489975, 9.999998620652608e-07, 0.010591739356772207, 0.025664219403019918, 9.999998620652608e-07], [0.07267243342198795, 0.33030651949720696, 9.99999862065261e-07, 0.014556724620175598, 0.5824623224609055, 9.99999862065261e-07], [0.5624104274474686, 0.37668271898883793, 9.999998620652608e-07, 0.01804834037251376, 0.042856513191455566, 9.999998620652608e-07], [0.17231506060656443, 0.33649233807063317, 9.999998620652608e-07, 0.020883937876609398, 0.47030666344646893, 9.999998620652608e-07], [0.5938093302692518, 0.33996155413024015, 9.999998620652608e-07, 0.02157270653116153, 0.044654409069622446, 9.999998620652608e-07], [0.456343787038049, 0.4043277296394825, 9.999998620652608e-07, 0.020471418006229182, 0.11885506531651527, 9.999998620652608e-07], [0.08837971375374136, 0.3067427829795412, 9.999998620652608e-07, 0.018747054510934204, 0.5861284487560592, 9.999998620652608e-07], [0.6269016675656889, 0.2473539709092086, 9.999998620652608e-07, 0.09010534954168267, 0.03563701198369574, 9.999998620652608e-07], [0.7733455967772954, 0.19279591974062987, 9.999998620652604e-07, 0.011444068799292587, 0.02241241468305794, 9.999998620652604e-07], [0.04776605643298139, 0.2584883686262851, 9.999998625943987e-07, 0.010676657910792302, 0.683066917030216, 9.999998625943987e-07], [0.045081241815127134, 0.1803081549055955, 9.999999994668622e-07, 0.010276635959973869, 0.7643319673193046, 9.999999994668622e-07], [0.7608392814514274, 0.20371981006806447, 9.999999999960003e-07, 0.011837314602056682, 0.02360159387845153, 9.999999999960003e-07], [0.6964876466657149, 0.25714602336040593, 9.999999999960005e-07, 0.014997948636152756, 0.03136638133772652, 9.999999999960005e-07], [0.6530386819076713, 0.29168737270577366, 9.999999999960003e-07, 0.017093262195210235, 0.03817868319134478, 9.999999999960003e-07], [0.08619290460138347, 0.31402588334865034, 9.99999999996e-07, 0.017945385853431133, 0.5818338261965351, 9.99999999996e-07], [0.08724241222558991, 0.32509646615515114, 9.999999999960003e-07, 0.018833217630441698, 0.5688259039888172, 9.999999999960003e-07], [0.0987958991112659, 0.3618779485370831, 9.999999999960005e-07, 0.02181104981124074, 0.5175131025404104, 9.999999999960005e-07], [0.5573580280819619, 0.3705511398995829, 9.99999999996e-07, 0.02239361233178041, 0.049695219686674896, 9.99999999996e-07], [0.09917568686597666, 0.361783474329332, 9.999999999960003e-07, 0.021806172434027996, 0.5172326663706635, 9.999999999960003e-07], [0.623187979412332, 0.3160455551775017, 9.999999999960003e-07, 0.018659669776832127, 0.042104795633334316, 9.999999999960003e-07], [0.6232781688707999, 0.3162814865834012, 9.99999999996e-07, 0.018677270115144907, 0.04176107443065397, 9.99999999996e-07], [0.10084101537905492, 0.36210967456786064, 9.999999999960003e-07, 0.021833434739214567, 0.51521387531387, 9.999999999960003e-07], [0.10345191658024099, 0.3760492473885661, 0.0005310361818468503, 0.023027470326858812, 0.4969393295224872, 9.999999999980037e-07], [0.1152650626080558, 0.13752885449835503, 0.13763373930744574, 0.020121145454011273, 0.5894501942959338, 1.0038361982728929e-06], [0.9999950000250003, 9.999950000250002e-07, 9.999950000250002e-07, 9.999950000250002e-07, 9.999950000250002e-07, 9.999950000250002e-07], [0.05732580143594886, 0.10616161217446421, 0.09279620838962009, 0.012167039646479059, 0.7315483306664893, 1.0076869985110232e-06], [0.8421210195585952, 0.1207102271616118, 0.007906411229663218, 0.008179471856991277, 0.021081870178421384, 1.0000147170824469e-06], [0.8858536573193263, 0.058378537817024075, 0.03960377707320457, 0.006091853806843699, 0.010071170132572839, 1.0038510284890635e-06], [0.9999950000250003, 9.999950000250002e-07, 9.999950000250002e-07, 9.999950000250002e-07, 9.999950000250002e-07, 9.999950000250002e-07]], [[0.9999950000250003, 9.999950000250002e-07, 9.999950000250002e-07, 9.999950000250002e-07, 9.999950000250002e-07, 9.999950000250002e-07], [0.9999950000250003, 9.999950000250002e-07, 9.999950000250002e-07, 9.999950000250002e-07, 9.999950000250002e-07, 9.999950000250002e-07], [0.7810036619140257, 0.09995951681204285, 0.08301422117087191, 0.011816914275112578, 0.024204678140948382, 1.007686998511023e-06], [0.0476348482137037, 0.0981668096323773, 0.06065130767424375, 0.010819084603560543, 0.7827269460399164, 1.0038361982728929e-06], [0.8444743097928707, 0.12141944948694247, 0.007691347111908843, 0.008206331266389137, 0.018207562327171682, 1.0000147170824395e-06], [0.6975803367578716, 0.25676600824918844, 2.983176538359076e-05, 0.014979341855409683, 0.030643481372146997, 9.999999997334349e-07], [0.6820607926703599, 0.26731665474087735, 9.999998625943987e-07, 0.015782426351426047, 0.03483812623761152, 9.999998625943987e-07], [0.6425345459743107, 0.30070498765152254, 9.999998620652608e-07, 0.018047466377813206, 0.0387109999966295, 9.999998620652608e-07], [0.625744320415362, 0.3144903696020581, 9.999998620652604e-07, 0.018952241749370224, 0.040811068233485424, 9.999998620652604e-07], [0.08699920289600645, 0.3826931147614669, 9.999998620652604e-07, 0.01845625377701299, 0.5118494285657896, 9.999998620652604e-07], [0.6041779238897501, 0.34369520330498077, 9.999998620652608e-07, 0.01577517291842711, 0.03634969988711786, 9.999998620652608e-07], [0.06188944874964507, 0.29861207576329574, 9.999998620652608e-07, 0.01289292311669003, 0.6266035523706451, 9.999998620652608e-07], [0.6624280805604705, 0.29422487496755073, 9.999998620652608e-07, 0.012713254324763978, 0.030631790147490616, 9.999998620652608e-07], [0.1542808985741944, 0.2761020948285304, 9.999998620652608e-07, 0.015908815275136583, 0.5537061913224147, 9.999998620652608e-07], [0.5624092971554577, 0.37668384928084886, 9.999998620652608e-07, 0.01804834037251376, 0.04285651319145557, 9.999998620652608e-07], [0.5519660089834143, 0.3900964378608194, 9.999998620652608e-07, 0.01895065656850659, 0.038984896587535574, 9.999998620652608e-07], [0.5674208013266788, 0.3771822874529687, 9.999998620652608e-07, 0.01804591623379638, 0.03734899498683196, 9.999998620652608e-07], [0.6016548699043793, 0.3437426046500348, 9.99999862065261e-07, 0.015795038076158053, 0.038805487369703795, 9.99999862065261e-07], [0.07214918033362962, 0.25482217875943103, 9.999998620652608e-07, 0.014875797301259186, 0.658150843605956, 9.999998620652608e-07], [0.6179211034104096, 0.33374256236442296, 9.999998620652608e-07, 0.015115219957554249, 0.03321911426788904, 9.999998620652608e-07], [0.6304576670558825, 0.3234897940693222, 9.999998625943987e-07, 0.014475103808691502, 0.03157543506637855, 9.999998625943987e-07], [0.696392400846161, 0.25726867211652876, 9.999999994668622e-07, 0.014987868965102007, 0.031349058072209154, 9.999999994668622e-07], [0.7608392814514274, 0.20371981006806447, 9.999999999960003e-07, 0.011837314602056682, 0.02360159387845153, 9.999999999960003e-07], [0.04778708596570067, 0.1801397959235812, 9.999999999960003e-07, 0.010283601743373874, 0.7617875163673443, 9.999999999960003e-07], [0.7472116858159255, 0.21532095012351685, 9.99999999996e-07, 0.012501378620282498, 0.024963985440275064, 9.99999999996e-07], [0.6525274377796303, 0.2918774569079579, 9.999999999960005e-07, 0.0171025747413137, 0.03849053057109817, 9.999999999960005e-07], [0.5779237289384548, 0.35493017100523033, 9.99999999996e-07, 0.021321527742014082, 0.04582257231430084, 9.99999999996e-07], [0.5377667236302812, 0.3880029190703871, 9.999999999960003e-07, 0.024186607010145612, 0.05004175028918603, 9.999999999960003e-07], [0.5221497820225661, 0.40061973099287257, 9.99999999996e-07, 0.0254877772405036, 0.05174070974405773, 9.99999999996e-07], [0.10873991423654163, 0.39693308462598614, 9.999999999960003e-07, 0.02467741028962559, 0.4696475908478467, 9.999999999960003e-07], [0.5762141854923419, 0.35519885305778526, 9.999999999960003e-07, 0.021340868328183302, 0.04724409312168954, 9.999999999960003e-07], [0.10274918856382802, 0.36195973066705217, 9.999999999960003e-07, 0.021820081767201367, 0.5134689990019184, 9.999999999960003e-07], [0.5359240345474375, 0.3880292488610241, 9.999999999960005e-07, 0.024188480901915024, 0.05185623568962346, 9.999999999960005e-07], [0.52230704770233, 0.4003127165857674, 6.677237193046252e-05, 0.025468898697160524, 0.051843564642811486, 9.999999999980037e-07], [0.6032704100435398, 0.31071597408665064, 0.017526309692227036, 0.01916991444016321, 0.04931639172270216, 1.000014717082439e-06], [0.6615619601665157, 0.14501367819327052, 0.1334397640442764, 0.017991277957942683, 0.041992311965939916, 1.0076720547390957e-06], [0.9999950000250003, 9.999950000250002e-07, 9.999950000250002e-07, 9.999950000250002e-07, 9.999950000250002e-07, 9.999950000250002e-07], [0.048170525109742214, 0.0979006324437095, 0.0606995428795392, 0.010814605138300513, 0.7824136867566538, 1.0076720547390957e-06], [0.8905317093012612, 0.052560703455345026, 0.03493839467207357, 0.00628176689109306, 0.015686421814367992, 1.0038658591434268e-06], [0.9999950000250003, 9.999950000250002e-07, 9.999950000250002e-07, 9.999950000250002e-07, 9.999950000250002e-07, 9.999950000250002e-07]], [[0.9999950000250003, 9.999950000250002e-07, 9.999950000250002e-07, 9.999950000250002e-07, 9.999950000250002e-07, 9.999950000250002e-07], [0.7591911516816066, 0.1064417021982301, 0.08078334336683504, 0.014538901019242148, 0.039043890136510155, 1.0115975760229392e-06], [0.9999950000250003, 9.999950000250002e-07, 9.999950000250002e-07, 9.999950000250002e-07, 9.999950000250002e-07, 9.999950000250002e-07], [0.9999950000250003, 9.999950000250002e-07, 9.999950000250002e-07, 9.999950000250002e-07, 9.999950000250002e-07, 9.999950000250002e-07], [0.05894362212422267, 0.1105495374163081, 0.07748109696723061, 0.011945921373270779, 0.7410788182827694, 1.0038361982728929e-06], [0.07957133686623351, 0.29855348066875387, 0.0006805748945814965, 0.01716362124982826, 0.6040299863206032, 9.99999999733439e-07], [0.6400222321686927, 0.30093600627298533, 8.143968444545759e-05, 0.018050524121414065, 0.040908797752531104, 9.999999312971983e-07], [0.0969888261874048, 0.4118261434843092, 1.236578999075025e-06, 0.02088390887074084, 0.470298884878615, 9.999999310326256e-07], [0.5167762295363826, 0.41561912117977035, 9.999998620652608e-07, 0.021574313511196312, 0.04602833577292667, 9.999998620652608e-07], [0.09454227328257961, 0.4124342645728706, 9.999998620652604e-07, 0.020885523928985426, 0.47213593821584016, 9.999998620652604e-07], [0.6398645961701668, 0.3013118197406357, 9.999998620652608e-07, 0.018049473855524845, 0.04077211023394867, 9.999998620652608e-07], [0.6290417337124944, 0.3230921277158391, 9.999998620652608e-07, 0.014466787462725731, 0.03339735110921662, 9.999998620652608e-07], [0.7871267977475755, 0.18355929468156607, 9.999998620652608e-07, 0.010589728332255065, 0.018722179238879172, 9.999998620652608e-07], [0.5893037229259095, 0.3696983781836494, 9.999998620652608e-07, 0.012704339900160013, 0.028291558990556902, 9.999998620652608e-07], [0.06954733892984799, 0.3308923547753988, 9.999998620652608e-07, 0.014557150034155633, 0.5850011562608735, 9.999998620652608e-07], [0.6179196947303358, 0.3340375658554663, 9.999998620634928e-07, 0.015114059322502408, 0.03292668009197132, 9.999998620634928e-07], [0.6302595276808296, 0.32419234899373917, 9.999998616061668e-07, 0.014485197790837505, 0.03106092553487069, 9.999998616061668e-07], [0.07910437937696459, 0.35125403548667317, 9.999998616043986e-07, 0.015917506665882764, 0.5537220784707563, 9.999998616043986e-07], [0.6391258220849769, 0.30137024803820395, 9.999998616043989e-07, 0.01803559394921559, 0.0414663359278805, 9.999998616043989e-07], [0.5519612268419796, 0.3901424388211123, 9.999998616043986e-07, 0.018938874863602878, 0.03895545947358204, 9.999998616043986e-07], [0.5677777214236776, 0.37712583465943583, 9.999998621332746e-07, 0.018045651083845184, 0.03704879283331711, 9.999998621332746e-07], [0.6257593352711441, 0.31553078471489066, 9.999999989379856e-07, 0.018611822682203502, 0.04009605733176379, 9.999999989379856e-07], [0.6992517923809488, 0.2572733697421826, 9.9999999946