{"prediction": [[[0.9999950000250003, 9.999950000250002e-07, 9.999950000250002e-07, 9.999950000250002e-07, 9.999950000250002e-07, 9.999950000250002e-07], [0.9999950000250003, 9.999950000250002e-07, 9.999950000250002e-07, 9.999950000250002e-07, 9.999950000250002e-07, 9.999950000250002e-07], [0.9999950000250003, 9.999950000250002e-07, 9.999950000250002e-07, 9.999950000250002e-07, 9.999950000250002e-07, 9.999950000250002e-07], [0.9999950000250003, 9.999950000250002e-07, 9.999950000250002e-07, 9.999950000250002e-07, 9.999950000250002e-07, 9.999950000250002e-07], [0.9999950000250003, 9.999950000250002e-07, 9.999950000250002e-07, 9.999950000250002e-07, 9.999950000250002e-07, 9.999950000250002e-07], [0.9999950000250003, 9.999950000250002e-07, 9.999950000250002e-07, 9.999950000250002e-07, 9.999950000250002e-07, 9.999950000250002e-07], [0.9999950000250003, 9.999950000250002e-07, 9.999950000250002e-07, 9.999950000250002e-07, 9.999950000250002e-07, 9.999950000250002e-07], [0.9999950000250003, 9.999950000250002e-07, 9.999950000250002e-07, 9.999950000250002e-07, 9.999950000250002e-07, 9.999950000250002e-07], [0.9999950000250003, 9.999950000250002e-07, 9.999950000250002e-07, 9.999950000250002e-07, 9.999950000250002e-07, 9.999950000250002e-07], [0.9999950000250003, 9.999950000250002e-07, 9.999950000250002e-07, 9.999950000250002e-07, 9.999950000250002e-07, 9.999950000250002e-07], [0.9999950000250003, 9.999950000250002e-07, 9.999950000250002e-07, 9.999950000250002e-07, 9.999950000250002e-07, 9.999950000250002e-07], [0.9999950000250003, 9.999950000250002e-07, 9.999950000250002e-07, 9.999950000250002e-07, 9.999950000250002e-07, 9.999950000250002e-07], [0.9999950000250003, 9.999950000250002e-07, 9.999950000250002e-07, 9.999950000250002e-07, 9.999950000250002e-07, 9.999950000250002e-07], [0.9999950000250003, 9.999950000250002e-07, 9.999950000250002e-07, 9.999950000250002e-07, 9.999950000250002e-07, 9.999950000250002e-07], [0.9999950000250003, 9.999950000250002e-07, 9.999950000250002e-07, 9.999950000250002e-07, 9.999950000250002e-07, 9.999950000250002e-07], [0.9999950000250003, 9.999950000250002e-07, 9.999950000250002e-07, 9.999950000250002e-07, 9.999950000250002e-07, 9.999950000250002e-07], [0.9999950000250003, 9.999950000250002e-07, 9.999950000250002e-07, 9.999950000250002e-07, 9.999950000250002e-07, 9.999950000250002e-07], [0.9999950000250003, 9.999950000250002e-07, 9.999950000250002e-07, 9.999950000250002e-07, 9.999950000250002e-07, 9.999950000250002e-07], [0.9999950000250003, 9.999950000250002e-07, 9.999950000250002e-07, 9.999950000250002e-07, 9.999950000250002e-07, 9.999950000250002e-07], [0.9999950000250003, 9.999950000250002e-07, 9.999950000250002e-07, 9.999950000250002e-07, 9.999950000250002e-07, 9.999950000250002e-07], [0.9999950000250003, 9.999950000250002e-07, 9.999950000250002e-07, 9.999950000250002e-07, 9.999950000250002e-07, 9.999950000250002e-07], [0.9999950000250003, 9.999950000250002e-07, 9.999950000250002e-07, 9.999950000250002e-07, 9.999950000250002e-07, 9.999950000250002e-07], [0.9999950000250003, 9.999950000250002e-07, 9.999950000250002e-07, 9.999950000250002e-07, 9.999950000250002e-07, 9.999950000250002e-07], [0.9999950000250003, 9.999950000250002e-07, 9.999950000250002e-07, 9.999950000250002e-07, 9.999950000250002e-07, 9.999950000250002e-07], [0.9999950000250003, 9.999950000250002e-07, 9.999950000250002e-07, 9.999950000250002e-07, 9.999950000250002e-07, 9.999950000250002e-07], [0.9999950000250003, 9.999950000250002e-07, 9.999950000250002e-07, 9.999950000250002e-07, 9.999950000250002e-07, 9.999950000250002e-07], [0.9999950000250003, 9.999950000250002e-07, 9.999950000250002e-07, 9.999950000250002e-07, 9.999950000250002e-07, 9.999950000250002e-07], [0.9999950000250003, 9.999950000250002e-07, 9.999950000250002e-07, 9.999950000250002e-07, 9.999950000250002e-07, 9.999950000250002e-07], [0.9999950000250003, 9.999950000250002e-07, 9.999950000250002e-07, 9.999950000250002e-07, 9.999950000250002e-07, 9.999950000250002e-07], [0.9999950000250003, 9.999950000250002e-07, 9.999950000250002e-07, 9.999950000250002e-07, 9.999950000250002e-07, 9.999950000250002e-07], [0.9999950000250003, 9.999950000250002e-07, 9.999950000250002e-07, 9.999950000250002e-07, 9.999950000250002e-07, 9.999950000250002e-07], [0.9999950000250003, 9.999950000250002e-07, 9.999950000250002e-07, 9.999950000250002e-07, 9.999950000250002e-07, 9.999950000250002e-07], [0.9999950000250003, 9.999950000250002e-07, 9.999950000250002e-07, 9.999950000250002e-07, 9.999950000250002e-07, 9.999950000250002e-07], [0.9999950000250003, 9.999950000250002e-07, 9.999950000250002e-07, 9.999950000250002e-07, 9.999950000250002e-07, 9.999950000250002e-07], [0.9999950000250003, 9.999950000250002e-07, 9.999950000250002e-07, 9.999950000250002e-07, 9.999950000250002e-07, 9.999950000250002e-07], [0.9999950000250003, 9.999950000250002e-07, 9.999950000250002e-07, 9.999950000250002e-07, 9.999950000250002e-07, 9.999950000250002e-07], [0.9999950000250003, 9.999950000250002e-07, 9.999950000250002e-07, 9.999950000250002e-07, 9.999950000250002e-07, 9.999950000250002e-07], [0.9999950000250003, 9.999950000250002e-07, 9.999950000250002e-07, 9.999950000250002e-07, 9.999950000250002e-07, 9.999950000250002e-07], [0.9999950000250003, 9.999950000250002e-07, 9.999950000250002e-07, 9.999950000250002e-07, 9.999950000250002e-07, 9.999950000250002e-07], [0.9999950000250003, 9.999950000250002e-07, 9.999950000250002e-07, 9.999950000250002e-07, 9.999950000250002e-07, 9.999950000250002e-07]], [[0.9999950000250003, 9.999950000250002e-07, 9.999950000250002e-07, 9.999950000250002e-07, 9.999950000250002e-07, 9.999950000250002e-07], [0.02364625168830571, 0.037638643593153255, 0.021021463097338936, 0.0023484406898625315, 0.9153441932144522, 1.0077168873846138e-06], [0.8481722815510652, 0.07339846527341228, 0.050638959109538584, 0.00822117289967655, 0.01956811731527892, 1.00385102848906e-06], [0.04939874819601598, 0.0864165615460271, 0.06961485466971909, 0.00999497632459807, 0.7845738554126113, 1.003851028488037e-06], [0.7056866943024935, 0.1236848532811749, 0.11757244099643897, 0.01630487538311892, 0.03675013218574547, 1.0038510282234721e-06], [0.0969436756898921, 0.15314889482603558, 0.14789579869064973, 0.02127956131623048, 0.580731065626164, 1.0038510282224491e-06], [0.5986428078141236, 0.16117452473601673, 0.16734094876513794, 0.024282061835539912, 0.048558652998153394, 1.0038510282224491e-06], [0.5852820037481155, 0.16887655165033713, 0.17034029685696506, 0.025263918321150484, 0.050236225572403634, 1.0038510282224491e-06], [0.10864048798004211, 0.1627299744802387, 0.1702992047926353, 0.024280050011504635, 0.534049278884551, 1.0038510282224491e-06], [0.6337164211331476, 0.14425048410518776, 0.15395198214956743, 0.021503690865595657, 0.04657641789547334, 1.0038510282224493e-06], [0.06793666981691991, 0.12619983213031385, 0.1161244109539156, 0.014108051888342082, 0.6756300313594803, 1.0038510282224491e-06], [0.7078525128261642, 0.12380427716591279, 0.11777410402178196, 0.016321478906119992, 0.0342466232289927, 1.0038510282224493e-06], [0.6378087882664556, 0.1445274009517521, 0.15394703853840241, 0.021512292262273414, 0.042203476130088284, 1.0038510282224493e-06], [0.5988956227318688, 0.16083150791453601, 0.16740548901550173, 0.02428193274012729, 0.048584443746937836, 1.0038510282224491e-06], [0.11170875495984467, 0.16468218114453934, 0.1809723783207153, 0.024997810550996553, 0.5176378711728757, 1.003851028222449e-06], [0.5972576141679753, 0.16145549430508013, 0.16740548901550176, 0.024283255032171693, 0.049597143628242864, 1.0038510282224491e-06], [0.6350266267382929, 0.14483147489650644, 0.15394063620584103, 0.021503707233264936, 0.044696551075066475, 1.0038510282224493e-06], [0.06853758015871522, 0.12580934252012976, 0.11597652662114892, 0.014089246370594073, 0.6755863004783837, 1.0038510282224491e-06], [0.7886457768638999, 0.09791021668704555, 0.07918987070818004, 0.011413422052069654, 0.022839709837776712, 1.0038510282234721e-06], [0.8167809072718125, 0.0878605324676007, 0.06775733571695555, 0.010148236940644463, 0.017451983751958135, 1.0038510284880371e-06], [0.8545928499862899, 0.07340117907684832, 0.050673963141276514, 0.008228012545132713, 0.013102991399423985, 1.00385102848906e-06], [0.9040942609723265, 0.04805031975705289, 0.03175838280031505, 0.0045903119264573, 0.011505720692819715, 1.0038510284890597e-06], [0.018447231595762833, 0.02762507608795163, 0.013963533879639542, 0.0021667700306177, 0.9377963845549998, 1.00385102848906e-06], [0.9701883584172456, 0.016676505983176215, 0.006582014537834011, 0.0018435565027201842, 0.004708560707995485, 1.00385102848906e-06], [0.9713704759585163, 0.018185603409129874, 0.007298742914230578, 0.002034957633486258, 0.0011092162336083535, 1.00385102848906e-06], [0.9349480693395861, 0.03348318572555445, 0.0208063781208272, 0.0026612495654731545, 0.008100113397530487, 1.00385102848906e-06], [0.034700129941051844, 0.057920951840844205, 0.04601185981374406, 0.005989247388670089, 0.8553768071646612, 1.00385102848906e-06], [0.04389412570365791, 0.08624730882555677, 0.06959056649950067, 0.009970679131155402, 0.7902963159891008, 1.00385102848906e-06], [0.06151108807601501, 0.1257184089752911, 0.11591634589124641, 0.014093637002787443, 0.6827595162036315, 1.0038510284890597e-06], [0.09272283349984096, 0.15310410158433807, 0.14788939666295386, 0.02128660020818356, 0.584996064193655, 1.00385102848906e-06], [0.5970639864551108, 0.16115822440129282, 0.16734094907516958, 0.024298715056575052, 0.05013712116082311, 1.0038510284890597e-06], [0.5873590489555987, 0.1688705074654274, 0.17032895122406388, 0.02528563406583831, 0.04815485443804331, 1.00385102848906e-06], [0.5991617322574121, 0.1611248088241082, 0.167364342685172, 0.02429960560324211, 0.04804850677903716, 1.0038510284890597e-06], [0.637785142097319, 0.14446875298704687, 0.1539727535597496, 0.021528929323423505, 0.042243418181432436, 1.00385102848906e-06], [0.6940845267855822, 0.12797911423848876, 0.12442574582832859, 0.017206857286777025, 0.036302752009794846, 1.00385102848906e-06], [0.06845049490260822, 0.12587561414226034, 0.11594031844843082, 0.01410622813957544, 0.6756263405160967, 1.0038510284890597e-06], [0.7465663606874254, 0.11142064130179385, 0.0993159395500605, 0.013954078643409328, 0.028741975966282255, 1.00385102848906e-06], [0.7981144215447542, 0.09399139875935639, 0.0751548261856761, 0.010972947353484256, 0.02176540230570051, 1.00385102848906e-06], [0.8903345217475132, 0.052523414563326834, 0.03502959217590319, 0.0062796755744526775, 0.015831788221916752, 1.0077168873846138e-06], [0.9999950000250003, 9.999950000250002e-07, 9.999950000250002e-07, 9.999950000250002e-07, 9.999950000250002e-07, 9.999950000250002e-07]], [[0.9999950000250003, 9.999950000250002e-07, 9.999950000250002e-07, 9.999950000250002e-07, 9.999950000250002e-07, 9.999950000250002e-07], [0.813616537851884, 0.08761191159026524, 0.06772055616528679, 0.010125641328659138, 0.020924349212876298, 1.0038510284890602e-06], [0.7507813137882053, 0.2142456624165464, 0.00045649362827967447, 0.012473984513996691, 0.02204154565297168, 9.999999999980075e-07], [0.6939476441948619, 0.25731726709722463, 0.00026908891805645335, 0.014992398227012593, 0.03347260156284457, 9.999999997344498e-07], [0.5423442422845722, 0.4090496134764409, 0.000453709670897046, 0.01515086980490731, 0.033000564763250875, 9.999999315607526e-07], [0.5498067671330557, 0.3895766695839125, 0.0005704873631762839, 0.018966580990488962, 0.041078494929435286, 9.999999312971985e-07], [0.5201167238226246, 0.4149146200409354, 0.0006453723710210474, 0.021585770913920523, 0.042736512851567286, 9.999999312971985e-07], [0.2718228063634854, 0.4981164150753427, 0.0006569231281263028, 0.030980975388506995, 0.19842188004460737, 9.999999312971985e-07], [0.5185211567257776, 0.41462917648752967, 0.0006567648789203103, 0.021585749820233674, 0.04460615208760752, 9.999999312971985e-07], [0.6272701519451689, 0.3141594996993416, 0.000593810266012883, 0.018964006892444606, 0.039011531197100865, 9.999999312971985e-07], [0.5396070038861743, 0.4099871068646615, 0.000448132914339921, 0.01514668727976361, 0.03481006905512929, 9.999999312971983e-07], [0.543609581649979, 0.4099092119453072, 0.0004544860295308757, 0.015149779734500223, 0.03087594064075148, 9.999999312971985e-07], [0.5516657433415975, 0.3894940689617863, 0.0005937912277252146, 0.018964018937371867, 0.039281377531587905, 9.999999312971985e-07], [0.5201219774482284, 0.3395803225463291, 0.0006456209212835181, 0.021585751978524942, 0.1180653271057028, 9.999999312971985e-07], [0.2697078148244181, 0.5740187777129974, 0.0006978682224438666, 0.03097995056405555, 0.12459458867615386, 9.999999312971985e-07], [0.09833398068579811, 0.5000768233177033, 0.0006456209212835182, 0.02192647792663478, 0.3790160971486491, 9.999999312971987e-07], [0.47439807509925697, 0.4657420350819023, 0.0005937665717713009, 0.018965316421250735, 0.04029980682588743, 9.999999312971987e-07], [0.6164710197856503, 0.3345916572513972, 0.00044756339858010815, 0.015142154228322734, 0.033346605336118475, 9.999999312971987e-07], [0.5561351646274754, 0.39851883012499456, 0.0003058949681622984, 0.0144794610963973, 0.03055964918303886, 9.999999315607526e-07], [0.699076927755593, 0.2572051209638693, 0.00026193544635273877, 0.014987384907144772, 0.02846763092704046, 9.999999997344503e-07], [0.7642798090780358, 0.20303388294468439, 0.00019614611349169593, 0.0118136886609164, 0.020675473202871695, 9.99999999998004e-07], [0.8460344640971164, 0.13097042026768663, 0.00012330052095406598, 0.007685079087450646, 0.015185736026792337, 9.99999999998004e-07], [0.9153609661573261, 0.07107946096843673, 5.477096540365708e-05, 0.004495130350014538, 0.00900867155881899, 9.99999999998004e-07], [0.953912409875031, 0.037485278445249466, 2.6344073889396816e-05, 0.0020391502447264375, 0.006535817361103727, 9.99999999998004e-07], [0.9637431341366932, 0.02886483346676698, 2.910425900272593e-05, 0.001316008078518273, 0.006045920059018848, 9.99999999998004e-07], [0.9331877837729159, 0.05884951432247228, 8.112337090255367e-05, 0.0038448572540320494, 0.004035721279677125, 9.999999999980037e-07], [0.8425784808976622, 0.13082045625648217, 0.0001781919363930236, 0.007678376249922092, 0.018743494659540495, 9.99999999998004e-07], [0.7322133278015638, 0.22596960686487197, 0.0002689956457603445, 0.013127026343842328, 0.02842004334396158, 9.99999999998004e-07], [0.08464535358765354, 0.31303368852912644, 0.00044740036762084374, 0.01791449201605091, 0.5839580654995484, 9.99999999998004e-07], [0.10009399864018238, 0.37582081600946776, 0.0005705314472238874, 0.023004733882946493, 0.5005089200201794, 9.999999999980037e-07], [0.11331028119771083, 0.41064932855524144, 0.0006454411161689193, 0.025891188099520623, 0.4495027610313581, 9.999999999980037e-07], [0.31847801433875234, 0.4980483147135572, 0.000656948179823137, 0.03658743407897805, 0.14622828868888924, 9.99999999998004e-07], [0.11507823271668435, 0.41062640447528925, 0.0006455312070543961, 0.02588886292708742, 0.44775996867388473, 9.99999999998004e-07], [0.5592428338232427, 0.3701091311253707, 0.0005939589989974551, 0.022420480845910425, 0.047632595206478806, 9.99999999998004e-07], [0.5596195255165177, 0.3699195386044131, 0.00048017082823494805, 0.02239290697832376, 0.047586858072510424, 9.999999999980037e-07], [0.5777410502673772, 0.3542556987190193, 0.00044749268808372673, 0.021309305374875364, 0.04624545295064438, 9.99999999998004e-07], [0.6236196714813613, 0.31511305351315366, 0.0003834707173277255, 0.018633970093189747, 0.04224883419496768, 9.99999999998004e-07], [0.06906240235383324, 0.26125054715066176, 0.0005264348720196213, 0.015202147734051876, 0.6539574678894337, 9.99999999998008e-07], [0.043014003511861035, 0.07620728521323639, 0.0614200530928124, 0.008552519358593228, 0.8108051349724684, 1.00385102848906e-06], [0.9999950000250003, 9.999950000250002e-07, 9.999950000250002e-07, 9.999950000250002e-07, 9.999950000250002e-07, 9.999950000250002e-07]], [[0.9999950000250003, 9.999950000250002e-07, 9.999950000250002e-07, 9.999950000250002e-07, 9.999950000250002e-07, 9.999950000250002e-07], [0.7491303923860096, 0.11132612360753846, 0.09934513119422425, 0.01396059968986635, 0.026236749271332623, 1.0038510284890597e-06], [0.6551001627486274, 0.291139350261364, 0.00038358313696158953, 0.01709065115027949, 0.036285252702767605, 9.99999999998004e-07], [0.08977352821810163, 0.3244866387234386, 9.999999994668622e-07, 0.01879821777349182, 0.5669396152849692, 9.999999994668622e-07], [0.0863493914016271, 0.30700406760157395, 9.999998625943987e-07, 0.018761169046515237, 0.5878833719505585, 9.999998625943987e-07], [0.6250646415314713, 0.3148143664954864, 9.999998620652608e-07, 0.018977339647637693, 0.041141652325680435, 9.999998620652608e-07], [0.5303088118779936, 0.40540752128013213, 9.999998620652608e-07, 0.020485522671394904, 0.04379614417075531, 9.999998620652608e-07], [0.09778459393798589, 0.4253880942055377, 9.999998620652604e-07, 0.021911873455436114, 0.4549134384013161, 9.999998620652604e-07], [0.5319011765692356, 0.4052191450392861, 9.999998620652604e-07, 0.020471224060402436, 0.04240645433135162, 9.999998620652604e-07], [0.5659395090575677, 0.37740146117631024, 9.999998620652604e-07, 0.01808298623730034, 0.03857404352909745, 9.999998620652604e-07], [0.09188491108474339, 0.4713855734606653, 9.999998620652608e-07, 0.019468206252909074, 0.41725930920195803, 9.999998620652608e-07], [0.5640467482573277, 0.3779870426042888, 9.999998620652608e-07, 0.01806069505052598, 0.039903514088133495, 9.999998620652608e-07], [0.565463015374104, 0.3775396161326179, 9.999998620652608e-07, 0.018069874516960256, 0.038925493976593825, 9.999998620652608e-07], [0.5329371070846316, 0.40547998524974677, 9.999998620634926e-07, 0.020469837509591873, 0.04111107015630559, 9.999998620634926e-07], [0.4439703107440854, 0.49206890874364123, 9.999998616061664e-07, 0.02156080631463306, 0.042397974197917104, 9.999998616061664e-07], [0.6050500555216658, 0.3311243204016778, 9.999998616043986e-07, 0.02046602971942628, 0.04335759435750674, 9.999998616043986e-07], [0.489744424165069, 0.4539037480227735, 9.999998616043986e-07, 0.018071195196539668, 0.038278632615894516, 9.999998616043986e-07], [0.5481435898444311, 0.39078651887080773, 9.999998616043986e-07, 0.01894165480753892, 0.04212623647749906, 9.999998616043986e-07], [0.1635150735372991, 0.38319224079190195, 9.999998621332748e-07, 0.018454445558591413, 0.43483624011248334, 9.999998621332748e-07], [0.6241881359676303, 0.31555321034456124, 9.99999998937986e-07, 0.018613404390216373, 0.04164324929759423, 9.99999998937986e-07], [0.6942306509943044, 0.25699998543921443, 9.99999999466862e-07, 0.014988163667843217, 0.03377919989863889, 9.99999999466862e-07], [0.04860136517484173, 0.17943589003529792, 9.999999994668622e-07, 0.010243676653237976, 0.7617170681366234, 9.999999994668622e-07], [0.8750676121420504, 0.10322835936283349, 9.999999994668622e-07, 0.006202501897514511, 0.015499526597602686, 9.999999994668622e-07], [0.016097385209197037, 0.054781380776500216, 9.999999994668622e-07, 0.002961304851455494, 0.9261579291628483, 9.999999994668622e-07], [0.01813434812012474, 0.06482439756570925, 9.99999999466862e-07, 0.0037209409388039142, 0.9133183133753631, 9.99999999466862e-07], [0.9258748952047203, 0.05953326050053367, 9.99999999466862e-07, 0.003864025697880793, 0.010725818596866369, 9.99999999466862e-07], [0.03377237386053697, 0.11973549773494804, 9.999999994668622e-07, 0.006434672064355593, 0.8400554563401604, 9.999999994668622e-07], [0.7475003766409302, 0.2148556966680635, 9.99999999466862e-07, 0.01245549552876805, 0.02518643116223923, 9.99999999466862e-07], [0.6529270235262685, 0.29182917247669543, 9.99999999468892e-07, 0.017084418970949845, 0.03815738502608735, 9.99999999468892e-07], [0.10128386155839297, 0.3617406907665543, 9.999999999939704e-07, 0.021806170336569286, 0.5151672773384836, 9.999999999939704e-07], [0.5361868695183096, 0.38804507369223773, 9.999999999960005e-07, 0.024188170017825777, 0.0515778867716269, 9.999999999960005e-07], [0.523810148727088, 0.40058555994644146, 9.99999999996e-07, 0.025485893189257477, 0.05011639813721313, 9.99999999996e-07], [0.5378100929593354, 0.388205208065302, 9.999999999960003e-07, 0.024201377613957034, 0.049781321361405624, 9.999999999960003e-07], [0.5378039806171466, 0.38820537119655535, 9.999999999960003e-07, 0.02420138363037382, 0.04978726455592412, 9.999999999960003e-07], [0.11484253140144636, 0.41150042661214675, 9.99999999996e-07, 0.02588844258203139, 0.44776659940437563, 9.99999999996e-07], [0.5361936478849245, 0.38804498408051336, 9.999999999960003e-07, 0.02418816088042958, 0.05157120715413256, 9.999999999960003e-07], [0.10304267202217927, 0.36171673189512393, 9.999999999960003e-07, 0.021803836863959276, 0.5134347592187376, 9.999999999960003e-07], [0.6529087718775901, 0.2912161999069041, 0.0003058946325685298, 0.017089698467942418, 0.03847843511499484, 9.999999999980041e-07], [0.7885232392429321, 0.0974400027849685, 0.07917200753328371, 0.011425949111057428, 0.023437797476729815, 1.00385102848906e-06], [0.9999950000250003, 9.999950000250002e-07, 9.999950000250002e-07, 9.999950000250002e-07, 9.999950000250002e-07, 9.999950000250002e-07]], [[0.9999950000250003, 9.999950000250002e-07, 9.999950000250002e-07, 9.999950000250002e-07, 9.999950000250002e-07, 9.999950000250002e-07], [0.6836129395442246, 0.13155349473755046, 0.13098567715472076, 0.01816902694221616, 0.035677857770259384, 1.0038510284890597e-06], [0.5785752542438225, 0.35421978338655874, 0.0005054337107827503, 0.0213209111046129, 0.04537761755422331, 9.999999999980041e-07], [0.5587475065259307, 0.3704752495467073, 9.99999999466862e-07, 0.022682579765497184, 0.048092664161865806, 9.99999999466862e-07], [0.5301185700133679, 0.32936819274412826, 9.99999862594399e-07, 0.09612419003741403, 0.044387047205364655, 9.99999862594399e-07], [0.5187498429521468, 0.415593133373858, 9.999998620652608e-07, 0.021865151363234483, 0.043789872311036634, 9.999998620652608e-07], [0.09532050394797685, 0.4890766637855699, 9.999998620652608e-07, 0.02089671559667356, 0.3947041166700556, 9.999998620652608e-07], [0.470561518869215, 0.4667176654792322, 9.999998620652608e-07, 0.01897960571866845, 0.04373920993316007, 9.999998620652608e-07], [0.5653405869471048, 0.3774025020366038, 9.999998620652608e-07, 0.01808305562298856, 0.0391718553935787, 9.999998620652608e-07], [0.6088529302728738, 0.3298498170689636, 9.999998620652608e-07, 0.020469922308879278, 0.0408253303495591, 9.999998620652608e-07], [0.5169881366764911, 0.4161965788222664, 9.999998620652608e-07, 0.0215747070497862, 0.04523857745173228, 9.999998620652608e-07], [0.17016781590312144, 0.41244040587330205, 9.999998620652608e-07, 0.02088555743241175, 0.3965042207914406, 9.999998620652608e-07], [0.08600941939210299, 0.38390329732824785, 9.999998620652608e-07, 0.01847872217031121, 0.511606561109614, 9.999998620652608e-07], [0.48928814853975117, 0.4537522982110276, 9.999998616061668e-07, 0.018059597290887533, 0.038897955958610515, 9.999998616061668e-07], [0.40639480857045324, 0.5425549759554045, 9.999997428520227e-07, 0.016294605913719427, 0.034753609560937225, 9.999997428520227e-07], [0.0774907510034192, 0.5467172522249785, 9.99999742392929e-07, 0.016736574088523866, 0.35905342268359386, 9.99999742392929e-07], [0.07903385188878344, 0.5613934130172727, 9.99999742392929e-07, 0.018195627302082455, 0.3413751077923767, 9.99999742392929e-07], [0.08295702276114195, 0.43677782790818587, 9.999997423929287e-07, 0.01880277489273764, 0.46146037443844967, 9.999997423929287e-07], [0.4545682820000411, 0.4183736879157439, 9.999997428540528e-07, 0.01757860184085096, 0.10947742824387838, 9.999997428540528e-07], [0.08452927549343006, 0.30702678229276675, 9.999998621332748e-07, 0.018456797322230913, 0.5899851448918482, 9.999998621332748e-07], [0.07094777679152782, 0.2542639178344125, 9.999998625943987e-07, 0.014567085147688008, 0.6602192202266465, 9.999998625943987e-07], [0.7836675253464597, 0.1818361729738101, 9.999998625943987e-07, 0.010555743350549733, 0.023938558329455357, 9.999998625943987e-07], [0.8723047984706848, 0.1051021801989432, 9.999998625943987e-07, 0.006191418317168721, 0.016399603013478068, 9.999998625943987e-07], [0.018643264402780257, 0.08815498916739468, 9.999998625943987e-07, 0.00480139703308412, 0.8883983493970158, 9.999998625943987e-07], [0.023414569535673602, 0.10198060223917244, 9.999998625943987e-07, 0.005446358488750838, 0.869156469736678, 9.999998625943987e-07], [0.7931581823327412, 0.18660754101220545, 9.99999862594399e-07, 0.006505550683103467, 0.013726725972224806, 9.99999862594399e-07], [0.8745084251851785, 0.10631122092179274, 9.999998625943987e-07, 0.006211326592364544, 0.012967027300938981, 9.999998625943987e-07], [0.7458240661516341, 0.22981247041726355, 9.999998625943987e-07, 0.008959880039725537, 0.015401583391651572, 9.999998625943987e-07], [0.6662756997265521, 0.29422294968905793, 9.999998631215067e-07, 0.012716157397932823, 0.026783193186730864, 9.999998631215067e-07], [0.6233093156301348, 0.31581799297701185, 9.999999994688919e-07, 0.018629258481191683, 0.04224143291166259, 9.999999994688919e-07], [0.5799948105797827, 0.3548952007636221, 9.99999999996e-07, 0.02132086707700182, 0.04378712157959321, 9.99999999996e-07], [0.5588513023884742, 0.3705947040209473, 9.99999999996e-07, 0.0223942518766763, 0.048157741713902115, 9.99999999996e-07], [0.5587544261021908, 0.3709044250360162, 9.99999999996e-07, 0.02242003672656746, 0.04791911213522541, 9.99999999996e-07], [0.5238088187708365, 0.40058575448720035, 9.99999999996e-07, 0.025485920780061233, 0.05011750596190176, 9.99999999996e-07], [0.31981381625352706, 0.49889891609029224, 9.99999999996e-07, 0.03658669479537509, 0.14469857286080548, 9.99999999996e-07], [0.5238022840201702, 0.40058537030597213, 9.99999999996e-07, 0.025485885841359364, 0.05012445983249824, 9.99999999996e-07], [0.5573732249557678, 0.370551650542423, 9.99999999996e-07, 0.022393665504527736, 0.049679458997281434, 9.99999999996e-07], [0.639307971558927, 0.30415625334074503, 0.0004539198108358933, 0.017891294287815905, 0.038189561001676156, 9.99999999998004e-07], [0.7089260297673813, 0.12331889836766613, 0.11760922870840394, 0.01632094825218678, 0.03382389105333333, 1.0038510284890602e-06], [0.9999950000250003, 9.999950000250002e-07, 9.999950000250002e-07, 9.999950000250002e-07, 9.999950000250002e-07, 9.999950000250002e-07]], [[0.9999950000250003, 9.999950000250002e-07, 9.999950000250002e-07, 9.999950000250002e-07, 9.999950000250002e-07, 9.999950000250002e-07], [0.6360720100153784, 0.14453967737791004, 0.15398220742488314, 0.02153593999272702, 0.04386916133807298, 1.0038510284890602e-06], [0.11238830858801052, 0.39605334779260193, 0.0005939954066780573, 0.024674745154208585, 0.46628860305850095, 9.999999999980041e-07], [0.5205684817005999, 0.400834214518246, 9.999999994668617e-07, 0.025486479443836352, 0.053108824337318596, 9.999999994668617e-07], [0.12442123932966202, 0.44410804565940215, 9.999998625943987e-07, 0.0238915849138356, 0.40757713009737495, 9.999998625943987e-07], [0.34670750215232365, 0.4997272353242406, 9.999998620652608e-07, 0.030974353454787308, 0.12258890906892428, 9.999998620652608e-07], [0.44077362479338195, 0.4918263021851382, 9.999998620652608e-07, 0.02157472039575827, 0.04582335262599757, 9.999998620652608e-07], [0.08977639031928028, 0.39575042682994227, 9.999998620652608e-07, 0.019488325261564795, 0.49498285758948873, 9.999998620652608e-07], [0.08799919456451184, 0.32009389972828683, 9.999998620652608e-07, 0.019486454448095165, 0.5724184512593821, 9.999998620652608e-07], [0.4424588707233656, 0.49150247681458015, 9.999998620652608e-07, 0.021573112288764518, 0.044463540173565685, 9.999998620652608e-07], [0.2731944706615541, 0.5746618198480615, 9.999998620652608e-07, 0.03096547966622337, 0.12117622982443685, 9.999998620652608e-07], [0.5935086628620604, 0.34113339439587753, 9.999998620652608e-07, 0.021572712640668075, 0.04378323010166994, 9.999998620652608e-07], [0.47429228226781867, 0.4659145451202829, 9.999998620652608e-07, 0.018963532493296756, 0.04082764011887746, 9.999998620652608e-07], [0.5666802056773454, 0.3781751104027867, 9.999998616043986e-07, 0.018060574428247628, 0.03708210949189718, 9.999998616043986e-07], [0.460185794242661, 0.48721734416948914, 9.999997423929287e-07, 0.01756630009558428, 0.03502856149278076, 9.999997423929287e-07], [0.44646337797890995, 0.4971140165882472, 9.999997419320668e-07, 0.018774425795364237, 0.037646179637994596, 9.999997419320668e-07], [0.33428075094351034, 0.5350140745203819, 9.999997419320668e-07, 0.08870423697438969, 0.04199893756223433, 9.999997419320668e-07], [0.23105456225425489, 0.6349060988611204, 9.99999741932067e-07, 0.026827366190986666, 0.10720997269415426, 9.99999741932067e-07], [0.08147353791873373, 0.4367957480076458, 9.99999742392929e-07, 0.01880372650916741, 0.4629249875649683, 9.99999742392929e-07], [0.16396072009143384, 0.39556380245785006, 9.999998616043989e-07, 0.01945906684314159, 0.42101441060785133, 9.999998616043989e-07], [0.6142630747591583, 0.33349587290015426, 9.99999862065261e-07, 0.015116389918586461, 0.037122662422377, 9.99999862065261e-07], [0.7710545766224136, 0.19192554014997346, 9.999998620652604e-07, 0.01111590247829297, 0.025901980749595797, 9.999998620652604e-07], [0.027821189946273955, 0.10706427392697136, 9.999998620652608e-07, 0.005710229021183061, 0.8594023071058474, 9.999998620652608e-07], [0.03644577784211188, 0.22788426455739413, 9.999998620652608e-07, 0.008671445849913475, 0.7269965117508564, 9.999998620652608e-07], [0.7071968852178951, 0.2576115438861524, 9.99999862065261e-07, 0.010546500353425931, 0.024643070542802577, 9.99999862065261e-07], [0.7762780460377966, 0.19281848815111105, 9.999998620652604e-07, 0.011118583774426389, 0.019782882036941698, 9.999998620652604e-07], [0.7110385239070849, 0.25766040994246137, 9.999998620652608e-07, 0.010550786289459132, 0.020748279861270546, 9.999998620652608e-07], [0.8181114822177418, 0.15490015290955123, 9.999998620652608e-07, 0.008967089394514903, 0.018019275478468, 9.999998620652608e-07], [0.044752032944927286, 0.24880166162540873, 9.999998625943987e-07, 0.010020238876728003, 0.696424066553211, 9.999998625943987e-07], [0.06620710603593957, 0.2624320063293605, 9.999999994668622e-07, 0.015217258043236735, 0.6561416295914645, 9.999999994668622e-07], [0.6524572921660372, 0.2916802536661404, 9.999999999960003e-07, 0.01709223921859898, 0.03876821494922355, 9.999999999960003e-07], [0.0863992586510837, 0.3140362210999245, 9.99999999996e-07, 0.01794888147433198, 0.5816136387746599, 9.99999999996e-07], [0.09877610620268339, 0.36183637169837063, 9.999999999960003e-07, 0.021807702007220646, 0.5175778200917254, 9.999999999960003e-07], [0.5359228052515442, 0.38802929150334087, 9.999999999960005e-07, 0.024188474164557498, 0.051857429080557516, 9.999999999960005e-07], [0.5238155248035549, 0.40058510522099905, 9.99999999996e-07, 0.025485872606672736, 0.05011149736877337, 9.99999999996e-07], [0.537773434806295, 0.3880038516887076, 9.999999999960003e-07, 0.024186686350761898, 0.050034027154235494, 9.999999999960003e-07], [0.10059487310593268, 0.3623181304096632, 9.999999999960003e-07, 0.021847694325100787, 0.5152373021593034, 9.999999999960003e-07], [0.10382053608652315, 0.3757433311437852, 0.0005705561031794951, 0.023003029138612234, 0.4968615475279001, 9.99999999998004e-07], [0.09522073267307621, 0.15309449513859846, 0.14789579899551694, 0.021295183301854398, 0.5824927860399254, 1.0038510284890597e-06], [0.9999950000250003, 9.999950000250002e-07, 9.999950000250002e-07, 9.999950000250002e-07, 9.999950000250002e-07, 9.999950000250002e-07]], [[0.9999950000250003, 9.999950000250002e-07, 9.999950000250002e-07, 9.999950000250002e-07, 9.999950000250002e-07, 9.999950000250002e-07], [0.6194878161482961, 0.14964927158386804, 0.1631234689442166, 0.022872414896802563, 0.04486602457578819, 1.0038510284890597e-06], [0.5223963437690419, 0.3997678744311124, 0.0006291992227870045, 0.025489547961688123, 0.05171603461537069, 9.99999999998004e-07], [0.3211632367382333, 0.49908892576929775, 9.99999999466862e-07, 0.03658228318984142, 0.1431635543026285, 9.99999999466862e-07], [0.465101697325043, 0.46108191669224446, 9.99999862594399e-07, 0.02474225410179451, 0.04907213188119302, 9.99999862594399e-07], [0.4439804415074858, 0.4916993156072263, 9.999998620652608e-07, 0.0215873463211511, 0.04273089656441281, 9.999998620652608e-07], [0.45730494799261406, 0.4057685929612783, 9.999998620652604e-07, 0.020469847421543626, 0.11645461162483978, 9.999998620652604e-07], [0.6371295784180869, 0.3015406012065577, 9.999998620652608e-07, 0.018063723061339024, 0.04326409731429223, 9.999998620652608e-07], [0.0863541162384198, 0.30726335066869015, 9.999998620652608e-07, 0.018470409392322133, 0.587910123700844, 9.999998620652608e-07], [0.45574963457739004, 0.48083578168768715, 1.00001457913196e-06, 0.020471447947805897, 0.042941135757958604, 1.00001457913196e-06], [0.5191561006323357, 0.4168325291896005, 1.0038212261980977e-06, 0.02158108042629375, 0.04242828210931757, 1.0038212261980977e-06], [0.45634012713655003, 0.4805455888069524, 1.00001457913196e-06, 0.020471440213846833, 0.04264084381349229, 1.00001457913196e-06], [0.5671165399183072, 0.3777324715378744, 9.999998620652604e-07, 0.018063087478476427, 0.03708590106561768, 9.999998620652604e-07], [0.6265480925867969, 0.31552966323791803, 9.999998616043984e-07, 0.018950136935050325, 0.03897010724051139, 9.999998616043984e-07], [0.44880254245858175, 0.49629984260797366, 9.999997423929287e-07, 0.018508161120566007, 0.036387453813393686, 9.999997423929287e-07], [0.2344007441343398, 0.6351066121475575, 9.99999741932067e-07, 0.026566162737099094, 0.1039244809815198, 9.99999741932067e-07], [0.4699715392434827, 0.46748647817446487, 9.99999741932067e-07, 0.02172429986403019, 0.04081568271853829, 9.99999741932067e-07], [0.44731883331707345, 0.49633610583977633, 9.999997419320668e-07, 0.018515136963348694, 0.03782792388031756, 9.999997419320668e-07], [0.08131209055366391, 0.5606622205512678, 9.999997423929287e-07, 0.017919537167556635, 0.3401041517280267, 9.999997423929287e-07], [0.486703799450737, 0.4531638185043317, 9.999998616043986e-07, 0.018038400871264012, 0.04209198117394406, 9.999998616043986e-07], [0.06984071399973497, 0.2546801323074409, 9.999998620652608e-07, 0.014557213356723235, 0.6609199403363767, 9.999998620652608e-07], [0.04778599562829097, 0.18315907765788272, 9.999998620652608e-07, 0.010710628628746012, 0.7583422980853561, 9.999998620652608e-07], [0.7708936358625926, 0.1920654321620801, 9.999998620652604e-07, 0.011124121997052755, 0.025914809978550273, 9.999998620652604e-07], [0.7421268909136945, 0.21830953858058377, 9.999998620652608e-07, 0.012698429201627972, 0.026863141304369603, 9.999998620652608e-07], [0.7069705302811912, 0.24773044304796465, 9.999998620652608e-07, 0.014467380387838832, 0.030829646283281324, 9.999998620652608e-07], [0.6185014614488551, 0.3334505225759908, 9.999998620652608e-07, 0.015114042472544723, 0.03293197350288524, 9.999998620652608e-07], [0.07084152054287637, 0.3300331771436818, 9.999998620652608e-07, 0.014558243122388922, 0.5845650591913288, 9.999998620652608e-07], [0.7403855039306494, 0.21862670985868843, 9.999998620652608e-07, 0.012698210812118142, 0.02828757539881988, 9.999998620652608e-07], [0.7069181786033618, 0.2585671360730323, 9.999998625943987e-07, 0.010588317290859156, 0.023924368033021608, 9.999998625943987e-07], [0.05763348171760758, 0.22892840216922472, 9.999999994668622e-07, 0.013460052114197835, 0.699976063998971, 9.999999994668622e-07], [0.747106733843203, 0.21562487379303433, 9.999999999960003e-07, 0.012520725310387643, 0.02474566705337521, 9.999999999960003e-07], [0.6922612957934162, 0.2576253492315088, 9.999999999960003e-07, 0.015023310413416252, 0.03508804456165869, 9.999999999960003e-07], [0.08820322541510034, 0.32453310848394357, 9.999999999960003e-07, 0.01879974978907254, 0.5684619163118837, 9.999999999960003e-07], [0.10097357568124869, 0.36175097047045457, 9.999999999960003e-07, 0.021804461701387633, 0.5154689921469092, 9.999999999960003e-07], [0.5592239217011198, 0.3705251884977449, 9.99999999996e-07, 0.022391789212719664, 0.04785710058841564, 9.99999999996e-07], [0.5793086386779085, 0.3554732785817741, 9.99999999996e-07, 0.02136235995834524, 0.04385372278197219, 9.99999999996e-07], [0.5377666564396801, 0.388003941300432, 9.999999999960005e-07, 0.024186695488158088, 0.05004070677172982, 9.999999999960005e-07], [0.5222901232085493, 0.3997341356270076, 0.0006454411161689196, 0.02548862667391234, 0.05184067337436187, 9.99999999998004e-07], [0.5986511586602296, 0.1611158646342588, 0.16734094907516958, 0.02429715279301107, 0.04859387098630259, 1.00385102848906e-06], [0.9999950000250003, 9.999950000250002e-07, 9.999950000250002e-07, 9.999950000250002e-07, 9.999950000250002e-07, 9.999950000250002e-07]], [[0.9999950000250003, 9.999950000250002e-07, 9.999950000250002e-07, 9.999950000250002e-07, 9.999950000250002e-07, 9.999950000250002e-07], [0.6378099907991184, 0.14447211067278018, 0.15390177636959015, 0.021530681821024827, 0.04228443648645804, 1.00385102848906e-06], [0.5399339053574448, 0.3869991290909732, 0.0006574185169727129, 0.024177119448829346, 0.048231427585779946, 9.99999999998008e-07], [0.5217852902892328, 0.4010999866444931, 1.2461232503092302e-06, 0.025484867718249364, 0.05162760922477476, 9.999999997334313e-07], [0.45722236139784583, 0.481377003544075, 9.999998625943985e-07, 0.02050975769150206, 0.04088887736685182, 9.999998625943985e-07], [0.5504782587553668, 0.3915398835745421, 9.999998620652604e-07, 0.018971207816165344, 0.0390086498542015, 9.999998620652604e-07], [0.48976091929990484, 0.4528416066405993, 9.999998620652608e-07, 0.01804643147057749, 0.03934904258919425, 9.999998620652608e-07], [0.07871636767613838, 0.3516296137572947, 1.0000145791319601e-06, 0.015920660504804222, 0.5537313580326044, 1.0000145791319601e-06], [0.6037112102622327, 0.34408760516177644, 1.0038360559590993e-06, 0.0157986023984432, 0.036400574505435615, 1.0038360559590993e-06], [0.5672377122174914, 0.3776318929174477, 1.0076868517708944e-06, 0.018056144006458615, 0.03707223548489864, 1.0076868517708944e-06], [9.999950000249998e-07, 9.999950000249998e-07, 9.999950000249998e-07, 9.999950000249998e-07, 9.999950000249998e-07, 0.9999950000249999], [0.08603887581604042, 0.3835164921075697, 1.0038212261980979e-06, 0.01845279153580404, 0.5119898328981335, 1.0038212261980979e-06], [0.6051686729841839, 0.34490055020650645, 9.99999862065261e-07, 0.015815443556489023, 0.03411333325309656, 9.99999862065261e-07], [0.4911751578165523, 0.45370159593036397, 9.999998616043986e-07, 0.018057712188720373, 0.03706353406464001, 9.999998616043986e-07], [0.39229294791298724, 0.5550897090063518, 9.999997423929287e-07, 0.017574809975320297, 0.035040533105855774, 9.999997423929287e-07], [0.4466944436089099, 0.4964650623503199, 9.999997419320668e-07, 0.018765168759459896, 0.0380733252818263, 9.999997419320668e-07], [0.39165760467793787, 0.48640495540001283, 9.99999741932067e-07, 0.0850686314786833, 0.03686680844388212, 9.99999741932067e-07], [0.5433781033642571, 0.33915289823909633, 9.99999741932067e-07, 0.01652181841833348, 0.10094517997882928, 9.99999741932067e-07], [0.556674840271741, 0.3946234674022001, 9.999997423929287e-07, 0.015484814283681939, 0.03321487804289221, 9.999997423929287e-07], [0.608038454150958, 0.3440174468780392, 9.999998616043989e-07, 0.015763103139777745, 0.03217899583150178, 9.999998616043989e-07], [0.7419036475898522, 0.21869504264264453, 9.999998620652604e-07, 0.01273870368482296, 0.026660606082956024, 9.999998620652604e-07], [0.7065566927508412, 0.24712544875618242, 9.999998620652604e-07, 0.014466350211354843, 0.031849508281897254, 9.999998620652604e-07], [0.6205809606245318, 0.3334979486881204, 9.999998620652608e-07, 0.01511869036627895, 0.03080040032134469, 9.999998620652608e-07], [0.6066360937568717, 0.3435382905387354, 9.99999862065261e-07, 0.01578