{"prediction": [[[0.9999950000250003, 9.999950000250002e-07, 9.999950000250002e-07, 9.999950000250002e-07, 9.999950000250002e-07, 9.999950000250002e-07], [0.9999950000250003, 9.999950000250002e-07, 9.999950000250002e-07, 9.999950000250002e-07, 9.999950000250002e-07, 9.999950000250002e-07], [0.9999950000250003, 9.999950000250002e-07, 9.999950000250002e-07, 9.999950000250002e-07, 9.999950000250002e-07, 9.999950000250002e-07], [0.9999950000250003, 9.999950000250002e-07, 9.999950000250002e-07, 9.999950000250002e-07, 9.999950000250002e-07, 9.999950000250002e-07], [0.9999950000250003, 9.999950000250002e-07, 9.999950000250002e-07, 9.999950000250002e-07, 9.999950000250002e-07, 9.999950000250002e-07], [0.9999950000250003, 9.999950000250002e-07, 9.999950000250002e-07, 9.999950000250002e-07, 9.999950000250002e-07, 9.999950000250002e-07], [0.9999950000250003, 9.999950000250002e-07, 9.999950000250002e-07, 9.999950000250002e-07, 9.999950000250002e-07, 9.999950000250002e-07], [0.9999950000250003, 9.999950000250002e-07, 9.999950000250002e-07, 9.999950000250002e-07, 9.999950000250002e-07, 9.999950000250002e-07], [0.9999950000250003, 9.999950000250002e-07, 9.999950000250002e-07, 9.999950000250002e-07, 9.999950000250002e-07, 9.999950000250002e-07], [0.9999950000250003, 9.999950000250002e-07, 9.999950000250002e-07, 9.999950000250002e-07, 9.999950000250002e-07, 9.999950000250002e-07], [0.9999950000250003, 9.999950000250002e-07, 9.999950000250002e-07, 9.999950000250002e-07, 9.999950000250002e-07, 9.999950000250002e-07], [0.9999950000250003, 9.999950000250002e-07, 9.999950000250002e-07, 9.999950000250002e-07, 9.999950000250002e-07, 9.999950000250002e-07], [0.9999950000250003, 9.999950000250002e-07, 9.999950000250002e-07, 9.999950000250002e-07, 9.999950000250002e-07, 9.999950000250002e-07], [0.9999950000250003, 9.999950000250002e-07, 9.999950000250002e-07, 9.999950000250002e-07, 9.999950000250002e-07, 9.999950000250002e-07], [0.9999950000250003, 9.999950000250002e-07, 9.999950000250002e-07, 9.999950000250002e-07, 9.999950000250002e-07, 9.999950000250002e-07], [0.9999950000250003, 9.999950000250002e-07, 9.999950000250002e-07, 9.999950000250002e-07, 9.999950000250002e-07, 9.999950000250002e-07], [0.9999950000250003, 9.999950000250002e-07, 9.999950000250002e-07, 9.999950000250002e-07, 9.999950000250002e-07, 9.999950000250002e-07], [0.9999950000250003, 9.999950000250002e-07, 9.999950000250002e-07, 9.999950000250002e-07, 9.999950000250002e-07, 9.999950000250002e-07], [0.9999950000250003, 9.999950000250002e-07, 9.999950000250002e-07, 9.999950000250002e-07, 9.999950000250002e-07, 9.999950000250002e-07], [0.9999950000250003, 9.999950000250002e-07, 9.999950000250002e-07, 9.999950000250002e-07, 9.999950000250002e-07, 9.999950000250002e-07], [0.9999950000250003, 9.999950000250002e-07, 9.999950000250002e-07, 9.999950000250002e-07, 9.999950000250002e-07, 9.999950000250002e-07], [0.9999950000250003, 9.999950000250002e-07, 9.999950000250002e-07, 9.999950000250002e-07, 9.999950000250002e-07, 9.999950000250002e-07], [0.9999950000250003, 9.999950000250002e-07, 9.999950000250002e-07, 9.999950000250002e-07, 9.999950000250002e-07, 9.999950000250002e-07], [0.9999950000250003, 9.999950000250002e-07, 9.999950000250002e-07, 9.999950000250002e-07, 9.999950000250002e-07, 9.999950000250002e-07], [0.9999950000250003, 9.999950000250002e-07, 9.999950000250002e-07, 9.999950000250002e-07, 9.999950000250002e-07, 9.999950000250002e-07], [0.9999950000250003, 9.999950000250002e-07, 9.999950000250002e-07, 9.999950000250002e-07, 9.999950000250002e-07, 9.999950000250002e-07], [0.9999950000250003, 9.999950000250002e-07, 9.999950000250002e-07, 9.999950000250002e-07, 9.999950000250002e-07, 9.999950000250002e-07], [0.9999950000250003, 9.999950000250002e-07, 9.999950000250002e-07, 9.999950000250002e-07, 9.999950000250002e-07, 9.999950000250002e-07], [0.9999950000250003, 9.999950000250002e-07, 9.999950000250002e-07, 9.999950000250002e-07, 9.999950000250002e-07, 9.999950000250002e-07], [0.9999950000250003, 9.999950000250002e-07, 9.999950000250002e-07, 9.999950000250002e-07, 9.999950000250002e-07, 9.999950000250002e-07], [0.9999950000250003, 9.999950000250002e-07, 9.999950000250002e-07, 9.999950000250002e-07, 9.999950000250002e-07, 9.999950000250002e-07], [0.9999950000250003, 9.999950000250002e-07, 9.999950000250002e-07, 9.999950000250002e-07, 9.999950000250002e-07, 9.999950000250002e-07], [0.9999950000250003, 9.999950000250002e-07, 9.999950000250002e-07, 9.999950000250002e-07, 9.999950000250002e-07, 9.999950000250002e-07], [0.9999950000250003, 9.999950000250002e-07, 9.999950000250002e-07, 9.999950000250002e-07, 9.999950000250002e-07, 9.999950000250002e-07], [0.9999950000250003, 9.999950000250002e-07, 9.999950000250002e-07, 9.999950000250002e-07, 9.999950000250002e-07, 9.999950000250002e-07], [0.9999950000250003, 9.999950000250002e-07, 9.999950000250002e-07, 9.999950000250002e-07, 9.999950000250002e-07, 9.999950000250002e-07], [0.9999950000250003, 9.999950000250002e-07, 9.999950000250002e-07, 9.999950000250002e-07, 9.999950000250002e-07, 9.999950000250002e-07], [0.9999950000250003, 9.999950000250002e-07, 9.999950000250002e-07, 9.999950000250002e-07, 9.999950000250002e-07, 9.999950000250002e-07], [0.9999950000250003, 9.999950000250002e-07, 9.999950000250002e-07, 9.999950000250002e-07, 9.999950000250002e-07, 9.999950000250002e-07], [0.9999950000250003, 9.999950000250002e-07, 9.999950000250002e-07, 9.999950000250002e-07, 9.999950000250002e-07, 9.999950000250002e-07]], [[0.9999950000250003, 9.999950000250002e-07, 9.999950000250002e-07, 9.999950000250002e-07, 9.999950000250002e-07, 9.999950000250002e-07], [0.9999950000250003, 9.999950000250002e-07, 9.999950000250002e-07, 9.999950000250002e-07, 9.999950000250002e-07, 9.999950000250002e-07], [0.5798832707144448, 0.2223651533641097, 0.1228648861282505, 0.024102767128578565, 0.05078291494772905, 1.0077168873846138e-06], [0.6009729338646123, 0.16115819611246232, 0.16710200566418335, 0.024280966580273858, 0.046484893927439694, 1.0038510284890597e-06], [0.6363238411649951, 0.1443804226391437, 0.153842880147815, 0.021523904121678542, 0.043927948075339306, 1.00385102848906e-06], [0.711190638851029, 0.12321991316498904, 0.11754837976136913, 0.016322946757071626, 0.03171711761451271, 1.0038510284890597e-06], [0.7917244559262538, 0.09732377832042877, 0.07913475998515784, 0.011438789243872231, 0.020377212673258812, 1.00385102848906e-06], [0.79904248226615, 0.09404532631295467, 0.06536766860769104, 0.012351984685869184, 0.029191530410447735, 1.007716887384614e-06], [0.9999950000250003, 9.999950000250002e-07, 9.999950000250002e-07, 9.999950000250002e-07, 9.999950000250002e-07, 9.999950000250002e-07], [0.7429310408824372, 0.11081431110023074, 0.08646649184520305, 0.015325746769929201, 0.044461401685312416, 1.0077168873846136e-06], [0.683790447476857, 0.13147843904250328, 0.13084305226196963, 0.01817341648256924, 0.03571364088507223, 1.00385102848906e-06], [0.6379689686064063, 0.14441171603139186, 0.15387790176582544, 0.02153003224559483, 0.042210377499752975, 1.00385102848906e-06], [0.6197511056602363, 0.14954677062484184, 0.16301406627077453, 0.02286702688556353, 0.04482002670755518, 1.0038510284890595e-06], [0.6379689686064063, 0.14441171603139186, 0.15387790176582544, 0.02153003224559483, 0.042210377499752975, 1.00385102848906e-06], [0.683613072874284, 0.13154412242402966, 0.13098867463074754, 0.018180657372063987, 0.035672468847846424, 1.0038510284890602e-06], [0.6944781928270245, 0.12790580344942099, 0.12429983926043134, 0.01720230823526938, 0.03611285237682508, 1.0038510284890597e-06], [0.07724445390677205, 0.13716810536595775, 0.12958121930072636, 0.016276597708758705, 0.6397286198667567, 1.0038510284890602e-06], [0.6359002893303178, 0.14434114364035155, 0.15369589921161578, 0.02150337527121005, 0.04455828869547631, 1.00385102848906e-06], [0.6912166608534966, 0.1255959391277162, 0.11720252706825889, 0.017861691106112968, 0.048122174142472544, 1.0077019427261893e-06], [0.9999950000250003, 9.999950000250002e-07, 9.999950000250002e-07, 9.999950000250002e-07, 9.999950000250002e-07, 9.999950000250002e-07], [0.7338686841815728, 0.11318622436468352, 0.09149452817677728, 0.01572508228335177, 0.045724469411098555, 1.0115825160408495e-06], [0.07524191162169624, 0.11712571276904762, 0.08304754112521069, 0.013551722022978914, 0.7110321085952074, 1.0038658591434268e-06], [0.7781358385708289, 0.10008455553703446, 0.08338949186122734, 0.01185547306547027, 0.026533637114410476, 1.0038510284890638e-06], [0.7921589115919239, 0.09707393048521396, 0.07905465933403896, 0.011413570289911374, 0.0202979244478833, 1.0038510284890638e-06], [0.8167256233386421, 0.08787097730709609, 0.06778354307349946, 0.010161037656166168, 0.017457814773567733, 1.0038510284890597e-06], [0.8167246149300624, 0.08787201579782503, 0.06778338225130943, 0.010161067102310524, 0.01745791606746398, 1.0038510284890597e-06], [0.7890747220607871, 0.09730317179663106, 0.07896945672604848, 0.011415934033666546, 0.02323571153183825, 1.00385102848906e-06], [0.050588002528512185, 0.08982155562714168, 0.07209536636423831, 0.010488523613051012, 0.7770055480160283, 1.00385102848906e-06], [0.7890747220607871, 0.09730317179663106, 0.07896945672604848, 0.011415934033666546, 0.02323571153183825, 1.00385102848906e-06], [0.8168690524153024, 0.08781705007125327, 0.06771786493906937, 0.010153731401311919, 0.01744129732203458, 1.00385102848906e-06], [0.8511739327284858, 0.07351263936144592, 0.05072096593465839, 0.00824412324343769, 0.016347334880943608, 1.00385102848906e-06], [0.03585138684580764, 0.06065559370667097, 0.04913234119127809, 0.0063830464405986295, 0.8479766279646161, 1.00385102848906e-06], [0.04469714632341692, 0.08258588218293542, 0.06651971383510917, 0.009480167059883778, 0.7967160867476262, 1.00385102848906e-06], [0.746296803793807, 0.11130702803909437, 0.09921964097722331, 0.013960857158577153, 0.02921466618026966, 1.00385102848906e-06], [0.7112010250884535, 0.12334137340796611, 0.11736449054861711, 0.016322062118206037, 0.03177004498572886, 1.00385102848906e-06], [0.7429246848549643, 0.11147885200832502, 0.08588358407119054, 0.015302465608974717, 0.0444094057546026, 1.007701942726189e-06], [0.9999950000250003, 9.999950000250002e-07, 9.999950000250002e-07, 9.999950000250002e-07, 9.999950000250002e-07, 9.999950000250002e-07], [0.9999950000250003, 9.999950000250002e-07, 9.999950000250002e-07, 9.999950000250002e-07, 9.999950000250002e-07, 9.999950000250002e-07], [0.8490548193856686, 0.07543885256459097, 0.04743805534547917, 0.009411295835333471, 0.018655961345481562, 1.0155234461465354e-06], [0.9999950000250003, 9.999950000250002e-07, 9.999950000250002e-07, 9.999950000250002e-07, 9.999950000250002e-07, 9.999950000250002e-07]], [[0.9999950000250003, 9.999950000250002e-07, 9.999950000250002e-07, 9.999950000250002e-07, 9.999950000250002e-07, 9.999950000250002e-07], [0.9999950000250003, 9.999950000250002e-07, 9.999950000250002e-07, 9.999950000250002e-07, 9.999950000250002e-07, 9.999950000250002e-07], [0.40562108839502503, 0.13507427603288283, 0.2369731891606321, 0.02900343761992697, 0.19332700495533484, 1.003836198272893e-06], [0.5211301931128661, 0.3981654837112849, 0.0015553063832668772, 0.025475944727829308, 0.05367207206475285, 9.999999999980077e-07], [0.10786693378671827, 0.37543856563251576, 0.0005934588448664831, 0.02302499142300773, 0.4930750503128919, 9.999999999980041e-07], [0.6377055419884735, 0.3036135144539695, 0.00045368547609584624, 0.01789157045878169, 0.04033468762267949, 9.99999999998004e-07], [0.6991838784050904, 0.25643267395726227, 0.0007349693038327694, 0.015041011321520458, 0.02860646701229409, 9.999999999980077e-07], [0.6977403433843785, 0.13729205058544675, 0.11170501411979941, 0.015012335485818892, 0.03824925258835807, 1.0038361982728929e-06], [0.9999950000250003, 9.999950000250002e-07, 9.999950000250002e-07, 9.999950000250002e-07, 9.999950000250002e-07, 9.999950000250002e-07], [0.12984602804419648, 0.13920838191635815, 0.1469402403834029, 0.022083101668695336, 0.5619212441511489, 1.0038361982728929e-06], [0.5765814480631494, 0.3535154849912863, 0.0010694856641485983, 0.021370626311009853, 0.04746195497040588, 9.999999999980077e-07], [0.5399759894337766, 0.3869637189908353, 0.000593593716251323, 0.024203532809141018, 0.04826216504999558, 9.99999999998004e-07], [0.5242007773850108, 0.3995289713468736, 0.0006287779033017744, 0.025502454669823368, 0.05013801869499058, 9.99999999998004e-07], [0.5399823781994192, 0.3869635868891473, 0.0005935937162513231, 0.024203525507619394, 0.048255915687562885, 9.999999999980041e-07], [0.5798957410011115, 0.35436888455749826, 0.0005054452543311557, 0.021370011161809328, 0.043858918025249695, 9.99999999998004e-07], [0.5613985227346384, 0.3696189047063318, 0.00047968595077533405, 0.02240974446194728, 0.046092142146307136, 9.999999999980041e-07], [0.5775605611890886, 0.35439054301906503, 0.0005000250179103036, 0.02136267845766278, 0.04618519231627337, 9.99999999998004e-07], [0.5383978904669184, 0.38636689353048265, 0.0008695038489182998, 0.024195809909540913, 0.050168902244139606, 9.999999999980077e-07], [0.11694550927563574, 0.244278866955978, 0.07260930899183547, 0.023511252830947772, 0.5426540619308858, 1.000014717082439e-06], [0.6102415820506958, 0.1572875932379307, 0.15836439032251992, 0.023496168392234278, 0.05060925832456456, 1.007672054739096e-06], [0.9999950000250003, 9.999950000250002e-07, 9.999950000250002e-07, 9.999950000250002e-07, 9.999950000250002e-07, 9.999950000250002e-07], [0.7064965421813552, 0.12251365236943987, 0.11780307221421464, 0.016289891181085894, 0.036895834366905855, 1.007686998511023e-06], [0.07499659464628157, 0.12166514622400888, 0.09866142235926878, 0.012381193591535276, 0.6922946393427073, 1.0038361982728967e-06], [0.7225824296012759, 0.22031839516162763, 0.011911212656873555, 0.015118505048664296, 0.030068457516841476, 1.0000147170824429e-06], [0.6974309566200058, 0.25666388431457315, 0.0003054462227414788, 0.015032193132002677, 0.03056651971067694, 9.999999999980077e-07], [0.6992259005900608, 0.2569009184705954, 0.00026203601750621983, 0.015039230456519425, 0.028570914465318037, 9.99999999998004e-07], [0.6553872518864318, 0.291067994189578, 0.00030511459128478057, 0.017117343464639313, 0.03612129586806599, 9.99999999998004e-07], [0.6389599146780292, 0.3035625073211875, 0.00027864185417933023, 0.017874362028749573, 0.03932357411785449, 9.99999999998004e-07], [0.6572310870042518, 0.2910418288995936, 0.0003051145912847806, 0.01711547752906936, 0.03430549197580063, 9.999999999980041e-07], [0.6993852729105259, 0.2567835181833103, 0.00026178370447402244, 0.015032096028934322, 0.028536329172755438, 9.99999999998004e-07], [0.7368893821011637, 0.2262987911384859, 0.00019632712545501253, 0.013178489396163822, 0.023436010238731632, 9.999999999980041e-07], [0.7451294469345286, 0.21470434177037276, 0.00019020918941152574, 0.012508274670104654, 0.027466727435582528, 9.999999999980041e-07], [0.6964557344919694, 0.2567185674807991, 0.00025716951735714136, 0.015026928835907337, 0.031540599673967044, 9.99999999998004e-07], [0.6279595125980963, 0.3149172409419137, 0.00038309986290653363, 0.01865848226285976, 0.038080664334223815, 9.99999999998004e-07], [0.5785647793886661, 0.35386531396665233, 0.000489710765558961, 0.021324429091294204, 0.04575476678782827, 9.999999999980077e-07], [0.10339553641033584, 0.31795119888677853, 0.010253741823913372, 0.017923339590260476, 0.5504751832739947, 1.0000147170824393e-06], [0.7010295553800814, 0.12259085475872511, 0.1098439291778621, 0.01726162568858813, 0.04927302729280046, 1.0077019427261893e-06], [0.9999950000250003, 9.999950000250002e-07, 9.999950000250002e-07, 9.999950000250002e-07, 9.999950000250002e-07, 9.999950000250002e-07], [0.9999950000250003, 9.999950000250002e-07, 9.999950000250002e-07, 9.999950000250002e-07, 9.999950000250002e-07, 9.999950000250002e-07], [0.9999950000250003, 9.999950000250002e-07, 9.999950000250002e-07, 9.999950000250002e-07, 9.999950000250002e-07, 9.999950000250002e-07]], [[0.9999950000250003, 9.999950000250002e-07, 9.999950000250002e-07, 9.999950000250002e-07, 9.999950000250002e-07, 9.999950000250002e-07], [0.6212429817751549, 0.18400552037692758, 0.12179216561530533, 0.021682455090059033, 0.05127586944061033, 1.007701942726189e-06], [0.5932233900453592, 0.32438480266138264, 0.012592424727323817, 0.01851117111006076, 0.05128721144115641, 1.000014717082439e-06], [0.11254846015080235, 0.3963231320055897, 4.787112637690961e-05, 0.02466447035436193, 0.4664150663628692, 9.999999999980041e-07], [0.5742448731569807, 0.35500942750734293, 9.99999999996e-07, 0.021363880026702992, 0.04937981930897336, 9.99999999996e-07], [0.08160708175981209, 0.30033718366178686, 9.999999999939704e-07, 0.01726710957958745, 0.6007866249988136, 9.999999999939704e-07], [0.6549019089052989, 0.2913802374277244, 8.380453729635067e-05, 0.01712149685153854, 0.03651155227814219, 9.999999997344503e-07], [0.6418529609715348, 0.2764218233979955, 0.021483960741020908, 0.019126385975307972, 0.041113868899424144, 1.0000147168178624e-06], [0.6066020701826216, 0.3105716360379393, 0.0166115032462245, 0.019086165356125326, 0.04712762135572097, 1.0038213682283078e-06], [0.5915759401055999, 0.3250910762274214, 0.011842643196172946, 0.01850775265152334, 0.05298158780456562, 1.0000147168178624e-06], [0.11203087717031532, 0.3968477939654999, 4.6532521149023636e-05, 0.024665280981148337, 0.4664085153618877, 9.999999997334349e-07], [0.5222162999383689, 0.4005470424870669, 9.999999994668622e-07, 0.025495254592582693, 0.05173940298198262, 9.999999994668622e-07], [0.3219004003348507, 0.49831064682054144, 9.999999994668622e-07, 0.036569582899232435, 0.14321736994537654, 9.999999994668622e-07], [0.5235724689030478, 0.40080312187648903, 9.99999999466862e-07, 0.025493370975539276, 0.050129038244924894, 9.99999999466862e-07], [0.5381917703704431, 0.3877519174662762, 9.99999999466862e-07, 0.024204927030272383, 0.04984938513300938, 9.99999999466862e-07], [0.5237836938175534, 0.4006707472625838, 9.99999999466862e-07, 0.025479167428981347, 0.05006439149088249, 9.99999999466862e-07], [0.5398224994601634, 0.3877152423637565, 9.99999999466862e-07, 0.02420361501168804, 0.04825664316439317, 9.99999999466862e-07], [0.5235715482232643, 0.4005094357220709, 2.069105605929517e-06, 0.02549333647871925, 0.050422610470339885, 9.999999997334313e-07], [0.32029878069340884, 0.4977155342288421, 0.00032330951867421217, 0.03653508769745656, 0.14512628786161869, 9.99999999733439e-07], [0.5933130437498936, 0.32459959182751597, 0.012448133160097189, 0.01853444545081487, 0.05110378579696137, 1.0000147168178622e-06], [0.6199506660133309, 0.14919210744784683, 0.1632284348220917, 0.022820490943764198, 0.044807293085968085, 1.007686998243401e-06], [0.9999950000250003, 9.999950000250002e-07, 9.999950000250002e-07, 9.999950000250002e-07, 9.999950000250002e-07, 9.999950000250002e-07], [0.9999950000250003, 9.999950000250002e-07, 9.999950000250002e-07, 9.999950000250002e-07, 9.999950000250002e-07, 9.999950000250002e-07], [0.6591564824342612, 0.14425709321971777, 0.13300399500375926, 0.01792598301107139, 0.04565544249499203, 1.0038361982718703e-06], [0.09014181132185244, 0.3235618583701713, 0.0005588397814293414, 0.01879856528498166, 0.5669379252415655, 9.999999997344534e-07], [0.6219674999660798, 0.31587083439905217, 1.1761444833040124e-06, 0.01866803452128375, 0.04349145496910111, 9.99999999733431e-07], [0.10174764383776341, 0.3615723841908516, 9.999999994668622e-07, 0.02181483169028783, 0.5148631402810984, 9.999999994668622e-07], [0.5576990246986935, 0.37012686424005387, 9.999999994668624e-07, 0.022400618275781575, 0.04977149278547221, 9.999999994668624e-07], [0.5800912463174173, 0.3547741398278636, 9.99999999466862e-07, 0.021330570383093543, 0.043802043471626556, 9.99999999466862e-07], [0.6256488994413234, 0.31547430533778903, 9.99999999466862e-07, 0.018662621239874586, 0.04021217398101404, 9.99999999466862e-07], [0.6374628161861107, 0.30401551335285265, 9.999999994668622e-07, 0.017879862699486077, 0.04063980776155179, 9.999999994668622e-07], [0.08404784825159337, 0.2998605912875853, 9.999999994668622e-07, 0.017218860634670905, 0.5988706998261516, 9.999999994668622e-07], [0.6523280728080333, 0.2920009673912106, 9.99999999466862e-07, 0.0171303361490834, 0.03853862365167366, 9.99999999466862e-07], [0.5783013448124098, 0.3545128077153487, 9.99999999466862e-07, 0.021333631880349323, 0.04585021559189321, 9.99999999466862e-07], [0.538100293656919, 0.3875730193330834, 1.1417441885310956e-06, 0.024189068926910553, 0.05013547633889881, 9.999999997334313e-07], [0.5207296764458631, 0.39894441867581887, 0.0006250298780642492, 0.02545230142855032, 0.05424757357170376, 9.999999997334387e-07], [0.1316573872605153, 0.1421471595429397, 0.15250048993771653, 0.02170313206149313, 0.5519908273611374, 1.00383619800629e-06], [0.9999950000250003, 9.999950000250002e-07, 9.999950000250002e-07, 9.999950000250002e-07, 9.999950000250002e-07, 9.999950000250002e-07], [0.7601290768718444, 0.1060827620173702, 0.08040278255705151, 0.014492181800221144, 0.03889218515593704, 1.0115975757532363e-06], [0.9999950000250003, 9.999950000250002e-07, 9.999950000250002e-07, 9.999950000250002e-07, 9.999950000250002e-07, 9.999950000250002e-07]], [[0.9999950000250003, 9.999950000250002e-07, 9.999950000250002e-07, 9.999950000250002e-07, 9.999950000250002e-07, 9.999950000250002e-07], [0.09685658319505056, 0.1528288784994249, 0.14737755782385692, 0.02124239859089452, 0.5816935780397445, 1.0038510284890597e-06], [0.5593622750977406, 0.3694295215277659, 0.0006119103619651401, 0.022398432630067282, 0.04819686038246096, 9.999999999980077e-07], [0.5777723807367853, 0.3553217301032854, 1.1675883434324828e-06, 0.021388099285545234, 0.04551562228604055, 9.99999999998e-07], [0.5590986598518932, 0.37051934852145685, 9.999999999960005e-07, 0.02242761213699446, 0.04795237948965564, 9.999999999960005e-07], [0.10118484110990919, 0.3613256757716836, 9.999999994688919e-07, 0.021817004611583708, 0.5156704785068246, 9.999999994688919e-07], [0.6820583608543495, 0.2679071535054881, 1.2452671962909162e-06, 0.015851184867978093, 0.03418105550505662, 9.99999931560749e-07], [0.6263867018983689, 0.31397436465211337, 8.232334594254015e-05, 0.018978034854301492, 0.04057757524934231, 9.999999312971983e-07], [0.5950803120787405, 0.3391362627781913, 6.488687224600535e-05, 0.021579909639916288, 0.0441376286309746, 9.999999312971983e-07], [0.42329606400501196, 0.4228274679346989, 4.452738044119569e-05, 0.030954392694632342, 0.12287654798528444, 9.999999312971987e-07], [0.44354381425132705, 0.4907495121587631, 1.0988874576687953e-06, 0.02160560236674443, 0.0440989723357763, 9.999999312971947e-07], [0.5334804616013589, 0.4050987721927892, 9.999998625943987e-07, 0.020514716882847634, 0.04090404932327907, 9.999998625943987e-07], [0.5955142653632056, 0.34005465651764993, 9.999998625943987e-07, 0.02189772504888201, 0.04253135307053744, 9.999998625943987e-07], [0.4549737401458686, 0.48054121074871475, 9.99999862594399e-07, 0.020521471588213634, 0.04396157751747793, 9.99999862594399e-07], [0.17345385413426448, 0.3498249062013702, 9.999998625943987e-07, 0.021943217799044443, 0.45477602186559574, 9.999998625943987e-07], [0.2707324306816268, 0.5738214261383564, 9.999998625943987e-07, 0.030982642739892204, 0.1244615004403994, 9.999998625943987e-07], [0.5952826222499549, 0.34004323156054755, 9.999998625943987e-07, 0.021603816101815658, 0.04306833008795685, 9.999998625943987e-07], [0.4581508256259263, 0.40451389339655464, 9.999998625943987e-07, 0.020513579289315503, 0.1168197016884784, 9.999998625943987e-07], [0.5187888203544865, 0.4151224937399276, 1.0988874576687877e-06, 0.021606826785297677, 0.04447976023289927, 9.999999312971947e-07], [0.17268722313137358, 0.33524955030251824, 0.0007706359031786136, 0.0208757443548853, 0.470415846308113, 9.99999931297202e-07], [0.6362005772828776, 0.12289448996929828, 0.18861082228163578, 0.015216810880396281, 0.03707629574966269, 1.0038361293094877e-06], [0.9999950000250003, 9.999950000250002e-07, 9.999950000250002e-07, 9.999950000250002e-07, 9.999950000250002e-07, 9.999950000250002e-07], [0.9999950000250003, 9.999950000250002e-07, 9.999950000250002e-07, 9.999950000250002e-07, 9.999950000250002e-07, 9.999950000250002e-07], [0.10503792477915548, 0.16198579298969815, 0.17006672845989063, 0.024189033458503168, 0.5387195126257542, 1.0076869982434012e-06], [0.0761981181458932, 0.32644443874163626, 0.012934980090132315, 0.015440835385052852, 0.5689806276226368, 1.0000146486431053e-06], [0.1588673799473363, 0.3822322824499671, 7.950171851927854e-05, 0.018476113777679593, 0.44034372210656636, 9.999999312972016e-07], [0.16521388459429223, 0.41252471607027646, 1.0514930650545419e-06, 0.020917266901242598, 0.4013420809411924, 9.999999312971949e-07], [0.09738474695709429, 0.3489107650931838, 9.999998625943987e-07, 0.021937923628754564, 0.5317645643212422, 9.999998625943987e-07], [0.5299168651412175, 0.40469255940922094, 9.999998625943985e-07, 0.020500667549957365, 0.04488790789987886, 9.999998625943985e-07], [0.08473301468139977, 0.30737926106134494, 9.999998625943987e-07, 0.01851225023142045, 0.5893734740261097, 9.999998625943987e-07], [0.09050894659641255, 0.3189540492243285, 9.99999862594399e-07, 0.01949983383013184, 0.5710351703494021, 9.99999862594399e-07], [0.5615760075626863, 0.3769823868841406, 9.99999862594399e-07, 0.018079195877588085, 0.04336040967585982, 9.99999862594399e-07], [0.07493680969675129, 0.3510614329935943, 9.999998625943987e-07, 0.015974069505854973, 0.5580256878040742, 9.999998625943987e-07], [0.08861463488169334, 0.31935086645463645, 9.999998625943987e-07, 0.019504662614073496, 0.5725278360498716, 9.999998625943987e-07], [0.09700277461018354, 0.34832333583424036, 9.999998625943987e-07, 0.02193937523142169, 0.5327325143244294, 9.999998625943987e-07], [0.34629456344186615, 0.42202587290413174, 3.9886416786854924e-05, 0.030959858844012852, 0.20067881839327104, 9.999999312971983e-07], [0.6546148453780217, 0.27539795401737965, 0.01015644954113517, 0.015697378349419422, 0.04413237269939565, 1.0000146483795431e-06], [0.6795669300613901, 0.24459556032599122, 0.02078825035172193, 0.017265341669419242, 0.03778291377017816, 1.0038212992679626e-06], [0.7837357565206081, 0.0945972081944399, 0.07276862894386732, 0.012965993504127768, 0.03593140897116666, 1.003865790175946e-06], [0.9999950000250003, 9.999950000250002e-07, 9.999950000250002e-07, 9.999950000250002e-07, 9.999950000250002e-07, 9.999950000250002e-07]], [[0.9999950000250003, 9.999950000250002e-07, 9.999950000250002e-07, 9.999950000250002e-07, 9.999950000250002e-07, 9.999950000250002e-07], [0.7085047714624535, 0.12356339226707007, 0.11769751641226128, 0.01635733433032151, 0.033875981676865057, 1.00385102848906e-06], [0.580067427430694, 0.3542715113569032, 0.0004542598146837999, 0.021356125903851268, 0.04384967549386782, 9.99999999998004e-07], [0.5381765767564399, 0.387816949794427, 9.99999999996e-07, 0.024204453980727538, 0.049800019468405565, 9.99999999996e-07], [0.5239608339684944, 0.4003803509989302, 9.999999999960003e-07, 0.025500784368939693, 0.05015603066363589, 9.999999999960003e-07], [0.5381613350466583, 0.3875923532959248, 9.99999999466862e-07, 0.02419213356330902, 0.0500521780941089, 9.99999999466862e-07], [0.6416560224378925, 0.3015581851447471, 9.999998625943987e-07, 0.018095733172929316, 0.03868805924470589, 9.999998625943987e-07], [0.08744495937122744, 0.45773918346931297, 9.999998620652608e-07, 0.018490002970284483, 0.436323854189451, 9.999998620652608e-07], [0.09302209729810525, 0.4125480347331256, 9.999998620652608e-07, 0.020901563030703865, 0.47352630493834114, 9.999998620652608e-07], [0.09736334959637777, 0.42432063630214, 9.999998620652608e-07, 0.021924701036189695, 0.4563893130655684, 9.999998620652608e-07], [0.607358188162768, 0.3297104247443978, 9.99999862065261e-07, 0.020486534572360937, 0.04244285252074921, 9.99999862065261e-07], [0.5678693014325299, 0.37658980420263266, 9.99999862065261e-07, 0.018390227992645673, 0.037148666372467706, 9.99999862065261e-07], [0.5499187920917341, 0.31493338738701465, 9.999998620652604e-07, 0.09462415627885222, 0.040521664242674844, 9.999998620652604e-07], [0.09176852655879233, 0.4710206962416018, 9.999998620652604e-07, 0.01981330501441108, 0.4173954721854706, 9.999998620652604e-07], [0.5287133786919765, 0.40526106702202214, 9.999998620652608e-07, 0.020502558745892917, 0.04552099554038417, 9.999998620652608e-07], [0.09846630109481805, 0.42458124541986436, 9.999998620652608e-07, 0.021923143139756737, 0.45502731034583677, 9.999998620652608e-07], [0.5326041136545767, 0.32854157223767855, 9.99999862065261e-07, 0.020486501110494916, 0.11836581299752565, 9.99999862065261e-07], [0.5674418312607057, 0.3008315069052212, 9.99999862065261e-07, 0.018089120274731595, 0.11363554155961744, 9.99999862065261e-07], [0.6277003971886193, 0.31400536014230346, 9.999998620652604e-07, 0.018969812074318627, 0.0393224305950346, 9.999998620652604e-07], [0.6404561525789255, 0.3005344307089315, 8.255198938856483e-05, 0.018074981487578155, 0.0408508832352453, 9.999999310326292e-07], [0.6011097502989662, 0.3204385836708615, 0.021766002431737704, 0.017028051949714487, 0.039656611634071824, 1.0000146483795435e-06], [0.5851512917489613, 0.1648515046736932, 0.17028940257577554, 0.02656487739808738, 0.0531419197672846, 1.00383619800629e-06], [0.39592407365937476, 0.1349024417473112, 0.24902424015863026, 0.03218264550804993, 0.18796559123963533, 1.007686998511023e-06], [0.9999950000250003, 9.999950000250002e-07, 9.999950000250002e-07, 9.999950000250002e-07, 9.999950000250002e-07, 9.999950000250002e-07], [0.18089389730424146, 0.11800266451178626, 0.12461062619819965, 0.018701195850309705, 0.5577906084634777, 1.0076719852466073e-06], [0.08326669691748019, 0.27020931279933424, 0.00902122602677058, 0.015209008201759947, 0.6222927560400068, 1.000014648115981e-06], [0.09579341601238059, 0.49873895068826074, 0.0005472719953784603, 0.021907783714685096, 0.38301157758936416, 9.999999310326328e-07], [0.42127097972642286, 0.4232942280556017, 4.310243155660416e-05, 0.030948365368951507, 0.12444232441753621, 9.999999310326294e-07], [0.4426349385192712, 0.49160173313700084, 1.0863943233075119e-06, 0.021607160494866433, 0.04415408145460736, 9.999999310326258e-07], [0.09263841962209106, 0.48781328215591285, 9.999998620652608e-07, 0.020921082434260233, 0.39862521578801174, 9.999998620652608e-07], [0.5162260618598261, 0.34068390857607855, 9.999998620652604e-07, 0.021587357259510047, 0.1215006723048611, 9.999998620652604e-07], [0.45586295958826994, 0.4797849395220402, 9.999998620652604e-07, 0.020486755869334846, 0.04386334502063071, 9.999998620652604e-07], [0.08619540201722711, 0.3073583430609184, 9.999998620652608e-07, 0.018488930953357834, 0.5879553239687727, 9.999998620652608e-07], [0.5621753969769528, 0.3761303633599861, 9.99999862065261e-07, 0.018083986538194735, 0.043608253125142174, 9.99999862065261e-07], [0.6062971608656628, 0.3285736959948721, 9.999998620652608e-07, 0.02048780058785334, 0.04463934255188753, 9.999998620652608e-07], [0.09934481891169367, 0.34807327562252566, 1.0728789271723992e-06, 0.021923021095940774, 0.5306568114909817, 9.999999310326256e-07], [0.6084668777110486, 0.328004088125469, 3.792724775779103e-05, 0.020756074834522676, 0.04273403208127093, 9.999999310326296e-07], [0.5687721901237364, 0.2999976350359212, 0.0004623626737284864, 0.09368419944561278, 0.03708261272107022, 9.99999931032633e-07], [0.6765086182118366, 0.1803006404434908, 0.09931504756280715, 0.014102674586826682, 0.029772015344079326, 1.0038509592580288e-06], [0.9999950000250003, 9.999950000250002e-07, 9.999950000250002e-07, 9.999950000250002e-07, 9.999950000250002e-07, 9.999950000250002e-07]], [[0.9999950000250003, 9.999950000250002e-07, 9.999950000250002e-07, 9.999950000250002e-07, 9.999950000250002e-07, 9.999950000250002e-07], [0.6970238463065008, 0.12782220883218376, 0.12420270327796291, 0.017195587026827705, 0.03375465070549634, 1.00385102848906e-06], [0.5579832762340193, 0.3696867432101334, 0.0004793118714147174, 0.02241313461131664, 0.04943653407311588, 9.999999999980041e-07], [0.11494595791551727, 0.4112432002211206, 9.99999999996e-07, 0.025901750358537527, 0.44790709150482455, 9.99999999996e-07], [0.32004242256542825, 0.49858502600600973, 9.999999999960003e-07, 0.03658614142481287, 0.14478441000374917, 9.999999999960003e-07], [0.5239381147756651, 0.4004564331368857, 9.99999999466862e-07, 0.025487560852169827, 0.050115891235280305, 9.99999999466862e-07], [0.552049011873481, 0.3899075719536661, 9.999998625943987e-07, 0.018987352278658772, 0.039054063894469034, 9.999998625943987e-07], [0.6816259758385708, 0.2686955207068789, 9.99999862065261e-07, 0.015828283804729344, 0.0338482196500969, 9.99999862065261e-07], [0.5664093742140525, 0.3767632849884215, 9.99999862065261e-07, 0.018067785879118475, 0.038757554918683504, 9.99999862065261e-07], [0.5504497585401734, 0.3899635199634071, 9.999998620652604e-07, 0.018971104058410335, 0.040613617438284955, 9.999998620652604e-07], [0.5681940666559234, 0.37661007865856516, 9.99999862065261e-07, 0.018077367745133136, 0.037116486940654184, 9.99999862065261e-07], [0.6430463124762318, 0.301727757426783, 9.999998620652608e-07, 0.018089692939236852, 0.03713423715802421, 9.999998620652608e-07], [0.5344599348429169, 0.4038950614648476, 9.999998620652608e-07, 0.02078102915805325, 0.04086197453445802, 9.999998620652608e-07], [0.5941437854161875, 0.3403638548981897, 9.999998620652608e-07, 0.021586903253157614, 0.04390345643274101, 9.999998620652608e-07], [0.5340318185201668, 0.4045857566484087, 9.999998620652608e-07, 0.020497923049733108, 0.040882501781967354, 9.999998620652608e-07], [0.6259767760416918, 0.3143632064035604, 9.999998620652604e-07, 0.018995036593522262, 0.04066298096150144, 9.999998620652604e-07], [0.641585782372739, 0.30033488303625966, 9.999998620652604e-07, 0.01807174942544944, 0.04000558516582768, 9.999998620652604e-07], [0.6059694147219455, 0.2679780305039507, 9.999998620652608e-07, 0.015817611212619653, 0.11023294356175999, 9.999998620652608e-07], [0.6176796307750263, 0.3338684143818183, 9.99999862065261e-07, 0.015171771606445856, 0.03327818323698561, 9.99999862065261e-07], [0.14959480807407627, 0.2668446381211822, 1.2357576151018745e-06, 0.015235778326615644, 0.5683225397205798, 9.999999310326258e-07], [0.08485980404522642, 0.38264515081838013, 8.227455187314175e-05, 0.018494412882994467, 0.5139173577015946, 9.999999312971983e-07], [0.5383585494921284, 0.38669053041881407, 0.0007001445361793088, 0.02416913918871794, 0.05008063636416063, 9.999999997334387e-07], [0.5948069798238844, 0.32424924904292957, 0.01277652914913484, 0.01852830167121658, 0.04963794029811758, 1.000014717082439e-06], [0.6122715110875362, 0.15741224317482014, 0.15817025940457755, 0.023479498854717108, 0.04866547980629435, 1.0076720547370347e-06], [0.9999950000250003, 9.999950000250002e-07, 9.999950000250002e-07, 9.999950000250002e-07, 9.999950000250002e-07, 9.999950000250002e-07], [0.6148518492317405, 0.12207487443819687, 0.13033396284848697, 0.018215408617931552, 0.11452289717671506, 1.0076869290154427e-06], [0.5930412828505053, 0.13454624918598657, 0.13379560727054396, 0.01989203188226254, 0.11872382497457262, 1.003836129042885e-06], [0.5668949123797754, 0.3607193444800882, 0.011753665280599878, 0.016610843128983532, 0.044020234715904855, 1.0000146481159812e-06], [0.39125558843462804, 0.45937932899022027, 4.4381623099536676e-05, 0.024690392092114474, 0.12462930886000659, 9.999999310326292e-07], [0.1973314229157742, 0.3685152733451958, 9.999998620652608e-07, 0.023533950981311617, 0.4106173527579944, 9.999998620652608e-07], [0.271856100880768, 0.5736269527400517, 9.999998620652608e-07, 0.030972464435136883, 0.12354248194431922, 9.999998620652608e-07], [0.44436344557795504, 0.3403427337804966, 9.99999862065261e-07, 0.02158372793703083, 0.1937080927047935, 9.99999862065261e-07], [0.6231846868205436, 0.3135128059233621, 9.999998620652608e-07, 0.018974433924499066, 0.04432607333187116, 9.999998620652608e-07], [0.07906229353323915, 0.2755083725790199, 9.999998620652608e-07, 0.015960390984832463, 0.6294669429031843, 9.999998620652608e-07], [0.6419726537113005, 0.3002575790564343, 9.999998620652608e-07, 0.018066698824783418, 0.03970106840775766, 9.999998620652608e-07], [0.6242772014029677, 0.3137772553884409, 9.999998620652604e-07, 0.018971296945690455, 0.0429722462631766, 9.999998620652604e-07], [0.6440196964944523, 0.3005185611800951, 9.999998620652604e-07, 0.018067286258384257, 0.037392456067344135, 9.999998620652604e-07], [0.6063572109804763, 0.3421599342150602, 0.0003027319116526811, 0.01607910195342575, 0.035100020939454135, 9.999999310326294e-07], [0.05077380360019482, 0.09117326824893698, 0.07836859305092003, 0.010333244982929549, 0.7693500862660593, 1.003850959258029e-06], [0.9999950000250003, 9.999950000250002e-07, 9.999950000250002e-07, 9.999950000250002e-07, 9.999950000250002e-07, 9.999950000250002e-07]], [[0.9999950000250003, 9.999950000250002e-07, 9.999950000250002e-07, 9.999950000250002e-07, 9.999950000250002e-07, 9.999950000250002e-07], [0.7065047664732865, 0.12341253615979614, 0.11748634868162161, 0.01632443036279978, 0.03627091447146741, 1.0038510284890597e-06], [0.10337483084856332, 0.36082990628851497, 0.0004534465888569422, 0.021824354975712036, 0.5135164612983528, 9.999999999980041e-07], [0.5363337234809962, 0.38784230665038893, 9.999999999960003e-07, 0.02420626463386157, 0.051615705234753416, 9.999999999960003e-07], [0.5239679620878103, 0.4003802498460087, 9.999999999960003e-07, 0.025500777155381796, 0.050149010910799464, 9.999999999960003e-07], [0.5394192930967318, 0.38815093478055496, 9.99999999466862e-07, 0.02419026762774005, 0.04823750449497418, 9.99999999466862e-07], [0.4925072634924377, 0.4520033907354356, 9.999998625943987e-07, 0.018080470556576553, 0.03740687521582489, 9.999998625943987e-07], [0.7080008697216605, 0.248075671711785, 9.999998620652604e-07, 0.014519388275174738, 0.029402070291655542, 9.999998620652604e-07], [0.6331407932732027, 0.3232089037262013, 9.999998620652604e-07, 0.014525514980183167, 0.029122788020688618, 9.999998620652604e-07], [0.6948581179310916, 0.25906221059486184, 9.999998620652608e-07, 0.015170061354730736, 0.030907610119591696, 9.999998620652608e-07], [0.6174887900776614, 0.33486544043670413, 9.999998620652608e-07, 0.01518184272303247, 0.03246192676287793, 9.999998620652608e-07], [0.5523693783088011, 0.3896392558786687, 9.999998620652608e-07, 0.018969887815862674, 0.039019477996943566, 9.999998620652608e-07], [0.5959223903449754, 0.34005093113797485, 9.999998620652608e-07, 0.021583768167080998, 0.04244091035024467, 9.999998620652608e-07], [0.3496959306905323, 0.498060692908508, 1.0000145791319601e-06, 0.03097715021671057, 0.12126422615509079, 1.0000145791319601e-06], [0.5205374453504843, 0.4154255607932658, 1.0038212261980977e-06, 0.021587976191287526, 0.042447010022509946, 1.0038212261980977e-06], [0.6257263568960019, 0.31393699618836574, 1.0000145791319597e-06, 0.018985543681336786, 0.04134910320513725, 1.0000145791319597e-06], [0.07692988794471428, 0.2756161238279266, 9.999998620652608e-07, 0.0159659212783773, 0.6314860669492577, 9.999998620652608e-07], [0.07649840372497155, 0.3511185244691271, 9.999998620652608e-07, 0.015957229319905612, 0.5564238424862717, 9.999998620652608e-07], [0.5657175874759545, 0.37680178833267686, 9.999998620652608e-07, 0.01806919123715801, 0.039409432954486526, 9.999998620652608e-07], [0.5484159697565907, 0.3899814232305737, 9.999998620652604e-07, 0.018971632570069296, 0.04262897444304223, 9.999998620652604e-07], [0.08629098222181555, 0.45865089850246743, 9.999998625943987e-07, 0.018511243756945767, 0.436544875519046, 9.999998625943987e-07], [0.5777447406748681, 0.35550142576416494, 1.1673237740804337e-06, 0.021360179456156352, 0.04539148678103686, 9.999999997334313e-07], [0.5616921205324883, 0.3697126699019316, 0.00012784127633270066, 0.022377222358852714, 0.04608914