{"prediction": [[[0.992152686295392, 0.0015694627409215901, 0.0015694627409215901, 0.0015694627409215901, 0.0015694627409215901, 0.0015694627409215901], [0.992152686295392, 0.0015694627409215901, 0.0015694627409215901, 0.0015694627409215901, 0.0015694627409215901, 0.0015694627409215901], [0.992152686295392, 0.0015694627409215901, 0.0015694627409215901, 0.0015694627409215901, 0.0015694627409215901, 0.0015694627409215901], [0.992152686295392, 0.0015694627409215901, 0.0015694627409215901, 0.0015694627409215901, 0.0015694627409215901, 0.0015694627409215901], [0.992152686295392, 0.0015694627409215901, 0.0015694627409215901, 0.0015694627409215901, 0.0015694627409215901, 0.0015694627409215901], [0.992152686295392, 0.0015694627409215901, 0.0015694627409215901, 0.0015694627409215901, 0.0015694627409215901, 0.0015694627409215901], [0.992152686295392, 0.0015694627409215901, 0.0015694627409215901, 0.0015694627409215901, 0.0015694627409215901, 0.0015694627409215901], [0.992152686295392, 0.0015694627409215901, 0.0015694627409215901, 0.0015694627409215901, 0.0015694627409215901, 0.0015694627409215901], [0.992152686295392, 0.0015694627409215901, 0.0015694627409215901, 0.0015694627409215901, 0.0015694627409215901, 0.0015694627409215901], [0.992152686295392, 0.0015694627409215901, 0.0015694627409215901, 0.0015694627409215901, 0.0015694627409215901, 0.0015694627409215901], [0.992152686295392, 0.0015694627409215901, 0.0015694627409215901, 0.0015694627409215901, 0.0015694627409215901, 0.0015694627409215901], [0.992152686295392, 0.0015694627409215901, 0.0015694627409215901, 0.0015694627409215901, 0.0015694627409215901, 0.0015694627409215901], [0.992152686295392, 0.0015694627409215901, 0.0015694627409215901, 0.0015694627409215901, 0.0015694627409215901, 0.0015694627409215901], [0.992152686295392, 0.0015694627409215901, 0.0015694627409215901, 0.0015694627409215901, 0.0015694627409215901, 0.0015694627409215901], [0.992152686295392, 0.0015694627409215901, 0.0015694627409215901, 0.0015694627409215901, 0.0015694627409215901, 0.0015694627409215901], [0.992152686295392, 0.0015694627409215901, 0.0015694627409215901, 0.0015694627409215901, 0.0015694627409215901, 0.0015694627409215901], [0.992152686295392, 0.0015694627409215901, 0.0015694627409215901, 0.0015694627409215901, 0.0015694627409215901, 0.0015694627409215901], [0.992152686295392, 0.0015694627409215901, 0.0015694627409215901, 0.0015694627409215901, 0.0015694627409215901, 0.0015694627409215901], [0.992152686295392, 0.0015694627409215901, 0.0015694627409215901, 0.0015694627409215901, 0.0015694627409215901, 0.0015694627409215901], [0.992152686295392, 0.0015694627409215901, 0.0015694627409215901, 0.0015694627409215901, 0.0015694627409215901, 0.0015694627409215901], [0.992152686295392, 0.0015694627409215901, 0.0015694627409215901, 0.0015694627409215901, 0.0015694627409215901, 0.0015694627409215901], [0.992152686295392, 0.0015694627409215901, 0.0015694627409215901, 0.0015694627409215901, 0.0015694627409215901, 0.0015694627409215901], [0.992152686295392, 0.0015694627409215901, 0.0015694627409215901, 0.0015694627409215901, 0.0015694627409215901, 0.0015694627409215901], [0.992152686295392, 0.0015694627409215901, 0.0015694627409215901, 0.0015694627409215901, 0.0015694627409215901, 0.0015694627409215901], [0.992152686295392, 0.0015694627409215901, 0.0015694627409215901, 0.0015694627409215901, 0.0015694627409215901, 0.0015694627409215901], [0.992152686295392, 0.0015694627409215901, 0.0015694627409215901, 0.0015694627409215901, 0.0015694627409215901, 0.0015694627409215901], [0.992152686295392, 0.0015694627409215901, 0.0015694627409215901, 0.0015694627409215901, 0.0015694627409215901, 0.0015694627409215901], [0.992152686295392, 0.0015694627409215901, 0.0015694627409215901, 0.0015694627409215901, 0.0015694627409215901, 0.0015694627409215901], [0.992152686295392, 0.0015694627409215901, 0.0015694627409215901, 0.0015694627409215901, 0.0015694627409215901, 0.0015694627409215901], [0.992152686295392, 0.0015694627409215901, 0.0015694627409215901, 0.0015694627409215901, 0.0015694627409215901, 0.0015694627409215901], [0.992152686295392, 0.0015694627409215901, 0.0015694627409215901, 0.0015694627409215901, 0.0015694627409215901, 0.0015694627409215901], [0.992152686295392, 0.0015694627409215901, 0.0015694627409215901, 0.0015694627409215901, 0.0015694627409215901, 0.0015694627409215901], [0.992152686295392, 0.0015694627409215901, 0.0015694627409215901, 0.0015694627409215901, 0.0015694627409215901, 0.0015694627409215901], [0.992152686295392, 0.0015694627409215901, 0.0015694627409215901, 0.0015694627409215901, 0.0015694627409215901, 0.0015694627409215901], [0.992152686295392, 0.0015694627409215901, 0.0015694627409215901, 0.0015694627409215901, 0.0015694627409215901, 0.0015694627409215901], [0.992152686295392, 0.0015694627409215901, 0.0015694627409215901, 0.0015694627409215901, 0.0015694627409215901, 0.0015694627409215901], [0.992152686295392, 0.0015694627409215901, 0.0015694627409215901, 0.0015694627409215901, 0.0015694627409215901, 0.0015694627409215901], [0.992152686295392, 0.0015694627409215901, 0.0015694627409215901, 0.0015694627409215901, 0.0015694627409215901, 0.0015694627409215901], [0.992152686295392, 0.0015694627409215901, 0.0015694627409215901, 0.0015694627409215901, 0.0015694627409215901, 0.0015694627409215901], [0.992152686295392, 0.0015694627409215901, 0.0015694627409215901, 0.0015694627409215901, 0.0015694627409215901, 0.0015694627409215901]], [[0.992152686295392, 0.0015694627409215901, 0.0015694627409215901, 0.0015694627409215901, 0.0015694627409215901, 0.0015694627409215901], [0.7766532645063715, 0.1016621580067122, 0.0764760675492764, 0.015008251379833248, 0.028568671954048584, 0.0016315866037581901], [0.7063652689042579, 0.12668113658900446, 0.1141046782434322, 0.01867766136118773, 0.03253966829770394, 0.001631586604413836], [0.693653106956701, 0.13126597054668745, 0.11969638132803452, 0.019402034241680945, 0.03435092032040453, 0.0016315866064915937], [0.7063776116178263, 0.1264009054132479, 0.11419230426272005, 0.01870471344142688, 0.03269287865959413, 0.0016315866051847352], [0.06879490426268701, 0.1271745294279655, 0.11315925853743981, 0.017979191898042098, 0.6712605292701581, 0.0016315866037075193], [0.604351800772292, 0.1576698389542021, 0.1670772752296148, 0.024704321517442177, 0.044565176918314506, 0.0016315866081344865], [0.5351699625052905, 0.1798954604520581, 0.20175481636598394, 0.028861893192203947, 0.05268628086818063, 0.0016315866162829975], [0.5087390508553314, 0.1934969518258122, 0.20915713262673066, 0.03058848328120123, 0.05638679479881685, 0.001631586612107536], [0.5329284457954608, 0.181187240305309, 0.20341284955976904, 0.028779590731876036, 0.05206028699362615, 0.00163158661395901], [0.6027434218527633, 0.15845564211437954, 0.1684863744615169, 0.024649526561932273, 0.04403344840103631, 0.0016315866083718654], [0.06740555580454465, 0.12789537990980201, 0.11434802004255037, 0.017907912999371518, 0.670811544640024, 0.0016315866037075158], [0.04768898879747692, 0.10027700881190914, 0.07822165278328669, 0.012619988222611173, 0.7595607747810086, 0.001631586603707516], [0.863441354386605, 0.06559234801283607, 0.04722993703607353, 0.008845891539555199, 0.013258882420822985, 0.0016315866041071722], [0.9120257143697763, 0.04372767562477695, 0.029688054993026652, 0.005490289658170053, 0.007436678750418396, 0.0016315866038315904], [0.8998596536882572, 0.04917555188455942, 0.0343870170029418, 0.006230858611835193, 0.008715332208665653, 0.0016315866037409743], [0.8555086066476911, 0.06919435360452175, 0.050217406389739774, 0.009279102839256804, 0.014168943915074665, 0.0016315866037159169], [0.04581488525324537, 0.09710060596014546, 0.07649168866668088, 0.012239747429395658, 0.7667214860868251, 0.0016315866037075158], [0.7403708503152543, 0.11473088363002092, 0.09951086837660733, 0.01662531282632095, 0.027130498247994714, 0.001631586603801761], [0.7052522967551079, 0.12722497753551973, 0.114552304846462, 0.0188064135845137, 0.03253242067426883, 0.001631586604127855], [0.6928209954474263, 0.13136552284180797, 0.12018829565384119, 0.01951347741105098, 0.034480122041088405, 0.0016315866047852], [0.7045888384582709, 0.12708369596794336, 0.11572510288304318, 0.018749765636712528, 0.03222101044989923, 0.001631586604130922], [0.05820294398897749, 0.11498947771474062, 0.09661082689502415, 0.015532667345015575, 0.7130324974525346, 0.0016315866037075154], [0.7953596003859243, 0.09413708259933838, 0.07488311993677854, 0.013420078988289603, 0.020568531485946544, 0.001631586603722628], [0.8574453984671447, 0.06857740922317009, 0.048751510867810835, 0.00936323644326732, 0.014230858394893662, 0.0016315866037133816], [0.8991002148208451, 0.04954366077485486, 0.03484903049659987, 0.006278675715452556, 0.008596831588540061, 0.001631586603707582], [0.025272235962356945, 0.05650091136782963, 0.0379878698159556, 0.006601248338319181, 0.8720061479118312, 0.0016315866037075158], [0.8576148438771622, 0.06851645952281082, 0.04860573026087729, 0.009382506511260859, 0.014248873224177436, 0.0016315866037113563], [0.8149294738164117, 0.08607438216853962, 0.06617883439098635, 0.012216366285474983, 0.018969356734828864, 0.0016315866037584126], [0.785793943554194, 0.09814492812067738, 0.07841558651288899, 0.014117481089546517, 0.02189647411891888, 0.0016315866037744122], [0.7740647881817251, 0.10291539929664553, 0.08396942326641395, 0.014813387094141909, 0.022605415557358517, 0.001631586603715086], [0.047847014653406246, 0.1001280454678282, 0.07802525884108696, 0.012819587788459343, 0.7595485066455118, 0.001631586603707516], [0.8130326049882856, 0.08696493959090623, 0.06743781408665689, 0.01227793509489675, 0.01865511963554336, 0.0016315866037113194], [0.8561659936051825, 0.06923861545541916, 0.04917664835036675, 0.009495989643140128, 0.014291166342171983, 0.001631586603719439], [0.025121069090865155, 0.056922364540006314, 0.03793747388581638, 0.006613932313167913, 0.8717735735664367, 0.0016315866037075158], [0.01509230628560592, 0.03863914260847446, 0.024774993928302576, 0.0041155647079133455, 0.9157465417095296, 0.0016314507601739412], [0.9421673531745862, 0.029225182828025758, 0.019785070379377493, 0.003918221320948638, 0.003272585693354243, 0.001631586603707736], [0.9515788841664513, 0.02342341137054948, 0.01806870072549392, 0.0026160027154299784, 0.002681458431127932, 0.001631542590947447], [0.9628957051112875, 0.016931033882389496, 0.014701845545618533, 0.002167686481853445, 0.0016747214923924028, 0.0016290074864586483], [0.992152686295392, 0.0015694627409215901, 0.0015694627409215901, 0.0015694627409215901, 0.0015694627409215901, 0.0015694627409215901]], [[0.992152686295392, 0.0015694627409215901, 0.0015694627409215901, 0.0015694627409215901, 0.0015694627409215901, 0.0015694627409215901], [0.07677398172696709, 0.14092673748483536, 0.1330203574194259, 0.02056667096100154, 0.6270806658040626, 0.0016315866037075158], [0.6185116782039707, 0.29635782297665364, 0.001615598863248726, 0.02695279664088084, 0.054946504451997516, 0.001615598863248726], [0.5968714983154824, 0.31295170776651726, 0.0016155988869946125, 0.02828744065619763, 0.05865815548781367, 0.0016155988869946125], [0.6200427614124033, 0.29415779617460003, 0.0016155988806513199, 0.026992409111525537, 0.05557583554016856, 0.0016155988806513199], [0.6733313369138245, 0.2535603390942429, 0.0016155988743827788, 0.023675934981600862, 0.0462011912615662, 0.0016155988743827788], [0.5987949948928198, 0.31036377621800043, 0.0016155988920462834, 0.028316779472432673, 0.05929325163265438, 0.0016155988920462834], [0.5290873078140302, 0.36883864776251374, 0.0016155991334148598, 0.031513024940139495, 0.06732982121648674, 0.0016155991334148598], [0.33817061161336887, 0.46128913691039586, 0.0016155992502427932, 0.039510077774373764, 0.15779897520137606, 0.0016155992502427932], [0.525645870344637, 0.3730546675964712, 0.0016155990069459385, 0.03139838895947308, 0.06666987508552673, 0.0016155990069459385], [0.5975766392333458, 0.31231925160186946, 0.001615598887610572, 0.0282386023733262, 0.05863430901623728, 0.001615598887610572], [0.6917223865263613, 0.23946163264484133, 0.0016155988600469091, 0.02256526213940429, 0.043019520969299285, 0.0016155988600469091], [0.778204246239137, 0.17421705877670737, 0.001615598857059979, 0.016905819650851184, 0.02744167761918464, 0.001615598857059979], [0.8618340508035992, 0.10971472391987316, 0.0016155988532977666, 0.010026730768894189, 0.015193296801038002, 0.0016155988532977666], [0.0015694627409215903, 0.0015694627409215903, 0.0015694627409215903, 0.0015694627409215903, 0.0015694627409215903, 0.9921526862953921], [0.025185552948912445, 0.10072964177234077, 0.0016155988449291874, 0.008441984103934541, 0.8624116234849538, 0.0016155988449291874], [0.045685234211738014, 0.1510028136995593, 0.0016155988449301423, 0.013566640713376283, 0.7865141136854661, 0.0016155988449301423], [0.7410211220779873, 0.20314428434923096, 0.0016155988581068779, 0.019216276763455598, 0.03338711909311231, 0.0016155988581068779], [0.10124135715239638, 0.26084877098437503, 0.001615598844931244, 0.024138638116539296, 0.6105400360568267, 0.001615598844931244], [0.616727351398634, 0.29808143459841413, 0.0016155988607905235, 0.027111956530125086, 0.05484805975124578, 0.0016155988607905235], [0.595697175638232, 0.3138082542516034, 0.0016155988633246797, 0.02845247666821634, 0.058810895715298954, 0.0016155988633246797], [0.6175632934834633, 0.297073832549147, 0.0016155988601049397, 0.027093785953937646, 0.055037890293242284, 0.0016155988601049397], [0.6713155820591796, 0.25595671713178847, 0.0016155988618503645, 0.023786187178941598, 0.04571031590638938, 0.0016155988618503645], [0.7434126868707749, 0.20063337840919965, 0.001615598856523677, 0.019252024798244588, 0.0334707122087337, 0.001615598856523677], [0.045960116726074494, 0.14901284796307798, 0.0016155988449298143, 0.013688943880280137, 0.7881068937407079, 0.0016155988449298143], [0.02456525641990615, 0.10348105664993631, 0.001615598844930075, 0.008493197760811649, 0.8602292914794857, 0.001615598844930075], [0.03139071736196907, 0.11810638719982566, 0.0016155988449302852, 0.010000467195514498, 0.8372712305528301, 0.0016155988449302852], [0.7955262992272012, 0.16146533626236562, 0.001615598856711823, 0.015441006276684792, 0.02433616052032481, 0.001615598856711823], [0.7418410464910877, 0.20175947956119436, 0.0016155988543713412, 0.0194267935926789, 0.03374148264629628, 0.0016155988543713412], [0.7047780986346223, 0.22929164927877965, 0.00161559885304059, 0.021900419854709, 0.04079863452580788, 0.00161559885304059], [0.6897659431540255, 0.24112795455191896, 0.0016155988567817894, 0.02283925935651672, 0.043035645223975225, 0.0016155988567817894], [0.08939917335041311, 0.2333703292397562, 0.0016155988449301098, 0.02199362286349564, 0.6520056768564749, 0.0016155988449301098], [0.7414929653129841, 0.2023856713747213, 0.0016155988569370211, 0.019395006909337244, 0.03349515868908315, 0.0016155988569370211], [0.7946449456924596, 0.1619336397981362, 0.0016155988543520695, 0.015583402693412065, 0.02460681410728792, 0.0016155988543520695], [0.8563056015800191, 0.1152315914912026, 0.0016155988579992877, 0.010184984457424457, 0.015046624755355266, 0.0016155988579992877], [0.01767245435764772, 0.08845152444879556, 0.001615598844929915, 0.00691095913992428, 0.8837338643637724, 0.001615598844929915], [0.9308095547643879, 0.05651941681940078, 0.0016155988622119073, 0.004342674658770696, 0.005097156033016991, 0.0016155988622119073], [0.9521727489707061, 0.03852460951307062, 0.0016155988571962578, 0.0031332680935905284, 0.002938175708240018, 0.0016155988571962578], [0.9558816672316358, 0.020077766438766, 0.017814757742496815, 0.002510796997165628, 0.0020847944902540392, 0.0016302170996818032], [0.992152686295392, 0.0015694627409215901, 0.0015694627409215901, 0.0015694627409215901, 0.0015694627409215901, 0.0015694627409215901]], [[0.992152686295392, 0.0015694627409215901, 0.0015694627409215901, 0.0015694627409215901, 0.0015694627409215901, 0.0015694627409215901], [0.6020521097089493, 0.1587861987270675, 0.16892075302825774, 0.024645701485264397, 0.04396365044663914, 0.0016315866038218926], [0.1375659387005535, 0.3608408573145749, 0.0016155988449272436, 0.03133342982382854, 0.46702857647118856, 0.0016155988449272436], [0.5287357558831319, 0.36961632137935546, 0.0016155988845846527, 0.03164443590873661, 0.06677228905960685, 0.0016155988845846527], [0.557389764735626, 0.345206465079287, 0.0016155988862742248, 0.03041202538014625, 0.06376054703239242, 0.0016155988862742248], [0.6238539729222404, 0.2894371311502676, 0.0016155988555649245, 0.027080369062055132, 0.056397329154306904, 0.0016155988555649245], [0.6217884364441812, 0.2917782258879309, 0.0016155988517205782, 0.0271137202594469, 0.056088419704999795, 0.0016155988517205782], [0.5573800045176799, 0.34537142280871175, 0.0016155988640625262, 0.030536886926852885, 0.06348048801863065, 0.0016155988640625262], [0.5271634225056044, 0.37138559712213765, 0.0016155988616486545, 0.03155935875304688, 0.0666604238959137, 0.0016155988616486545], [0.5530188294704395, 0.3504902313909402, 0.0016155988614281287, 0.030349656754252354, 0.06291008466151166, 0.0016155988614281287], [0.6211632903546346, 0.2930088092399811, 0.0016155988565648865, 0.027053102310378215, 0.05554360038187629, 0.0016155988565648865], [0.7078355279328001, 0.22582511218154197, 0.0016155988482966183, 0.021825689464483763, 0.041282472724580965, 0.0016155988482966183], [0.0015694627409215903, 0.0015694627409215903, 0.0015694627409215903, 0.0015694627409215903, 0.0015694627409215903, 0.9921526862953921], [0.0015694627409215903, 0.0015694627409215903, 0.0015694627409215903, 0.0015694627409215903, 0.0015694627409215903, 0.9921526862953921], [0.0015694627409215903, 0.0015694627409215903, 0.0015694627409215903, 0.0015694627409215903, 0.0015694627409215903, 0.9921526862953921], [0.8651776047119842, 0.1074198858678273, 0.0016155988449390373, 0.009776488400508716, 0.01439482332980169, 0.0016155988449390373], [0.7854892677950398, 0.1689889967816358, 0.0016155988449363377, 0.01627770956002257, 0.02601282817342916, 0.0016155988449363377], [0.08954788819098465, 0.23438810973158591, 0.0016155988449268802, 0.022077453743388348, 0.6507553506441874, 0.0016155988449268802], [0.6165049623598993, 0.2978586595343146, 0.0016155988450109585, 0.027265827552289942, 0.05513935286347426, 0.0016155988450109585], [0.13853447992452178, 0.3594199632195469, 0.0016155988449268806, 0.03186798260116236, 0.46694637656491517, 0.0016155988449268806], [0.5252052989543173, 0.37308442089301314, 0.0016155988460533517, 0.03182361354280739, 0.0666554689177554, 0.0016155988460533517], [0.5505880265623757, 0.35272594067944946, 0.0016155988473438659, 0.0307001047150909, 0.06275473034839626, 0.0016155988473438659], [0.6174747240630708, 0.2964198149714314, 0.001615598845449539, 0.027374520616692388, 0.05549974265790646, 0.001615598845449539], [0.706024858806025, 0.22760912368065717, 0.0016155988450415693, 0.02204456547073117, 0.04109025435250355, 0.0016155988450415693], [0.7864150790386919, 0.16771625282214964, 0.0016155988449411765, 0.016456262767188062, 0.026181207682088058, 0.0016155988449411765], [0.8633643908075707, 0.10923907026638441, 0.0016155988449328821, 0.009912312522789289, 0.01425302871338988, 0.0016155988449328821], [0.8145276960881991, 0.1464043468943914, 0.0016155988449329031, 0.014009446066235805, 0.021827313261307806, 0.0016155988449329031], [0.07378796642409313, 0.20435561066688065, 0.0016155988449268798, 0.019671208355490778, 0.6989540168636816, 0.0016155988449268798], [0.6713984631227526, 0.25517235266875915, 0.001615598844937565, 0.02407155963143289, 0.04612642688718018, 0.001615598844937565], [0.6172637460573211, 0.2967040385909441, 0.0016155988449968925, 0.027462636127633836, 0.055338381534107375, 0.0016155988449968925], [0.596090484120361, 0.3123273934085294, 0.0016155988449437471, 0.02887646151519068, 0.05947446326603128, 0.0016155988449437471], [0.6175736073061764, 0.29651802648138664, 0.0016155988449869415, 0.02742166199766355, 0.055255506524799436, 0.0016155988449869415], [0.6712974661456533, 0.2547293450978917, 0.0016155988449355033, 0.024228718223768337, 0.046513272842815784, 0.0016155988449355033], [0.7411629187752341, 0.20209818159579535, 0.0016155988449398778, 0.019642182229335774, 0.03386551970975513, 0.0016155988449398778], [0.04614971926578501, 0.1496304061065309, 0.0016155988449268802, 0.013920740481240536, 0.7870679364565898, 0.0016155988449268802], [0.8789663948945727, 0.09695033871519301, 0.0016155988449335396, 0.008747818431199088, 0.01210425026916791, 0.0016155988449335396], [0.9219704987471727, 0.06281132555808273, 0.001615598844931516, 0.005421045859886283, 0.006565932144995249, 0.001615598844931516], [0.945324149170692, 0.04441811982861194, 0.0016155988564143576, 0.003406185870822859, 0.0036203474170443716, 0.0016155988564143576], [0.9524537018809094, 0.02246847253184128, 0.01848794964030082, 0.002575824869414841, 0.002383019927980358, 0.0016310311495532624], [0.992152686295392, 0.0015694627409215901, 0.0015694627409215901, 0.0015694627409215901, 0.0015694627409215901, 0.0015694627409215901]], [[0.992152686295392, 0.0015694627409215901, 0.0015694627409215901, 0.0015694627409215901, 0.0015694627409215901, 0.0015694627409215901], [0.10194687245870356, 0.1749139120590425, 0.1814618331277736, 0.027227381574802548, 0.5128184141759704, 0.001631586603707515], [0.5268244888020367, 0.3721086368329322, 0.001615598851783446, 0.0315537436915339, 0.06628193296993051, 0.001615598851783446], [0.34096217793383826, 0.45797480354058784, 0.0016155988452536407, 0.039110230765528796, 0.1587215900695378, 0.0016155988452536407], [0.0015694627409215903, 0.0015694627409215903, 0.0015694627409215903, 0.0015694627409215903, 0.0015694627409215903, 0.9921526862953921], [0.6067052085818123, 0.30053467601026224, 0.0016155988480591056, 0.02849600029503999, 0.06103291741676747, 0.0016155988480591056], [0.0015694627409215903, 0.0015694627409215903, 0.0015694627409215903, 0.0015694627409215903, 0.0015694627409215903, 0.9921526862953921], [0.12625341911523513, 0.29181288153884505, 0.0016155988449268798, 0.028399935623314738, 0.5503025660327513, 0.0016155988449268798], [0.6007755125483911, 0.30826123996196775, 0.0016155988453334204, 0.02845185047879031, 0.05928019932018392, 0.0016155988453334204], [0.6218718171121084, 0.2917222489074232, 0.0016155988451470545, 0.027227150567690424, 0.05594758572248393, 0.0016155988451470545], [0.677074421227368, 0.24920781726350133, 0.0016155988450575638, 0.023860751320784968, 0.04662581249823061, 0.0016155988450575638], [0.0015694627409215903, 0.0015694627409215903, 0.0015694627409215903, 0.0015694627409215903, 0.0015694627409215903, 0.9921526862953921], [0.819735268713325, 0.14022404191447793, 0.001615598844932692, 0.014017155328014412, 0.022792336354317183, 0.001615598844932692], [0.0015694627409215903, 0.0015694627409215903, 0.0015694627409215903, 0.0015694627409215903, 0.0015694627409215903, 0.9921526862953921], [0.9170376651704201, 0.06536514076041416, 0.0016155988449279436, 0.006219908254828653, 0.00814608812448116, 0.0016155988449279436], [0.8598022244289268, 0.11132843326918457, 0.0016155988449327475, 0.01033439499876802, 0.015303749613255124, 0.0016155988449327475], [0.05980029741083458, 0.17830141911928216, 0.0016155988449268787, 0.017338200720188105, 0.7413288850598415, 0.0016155988449268787], [0.6889480085950813, 0.2409867072435757, 0.0016155988449604224, 0.0230924527863987, 0.04374163368502343, 0.0016155988449604224], [0.5955190470687254, 0.31267486250006077, 0.0016155988449392605, 0.028849496916769857, 0.059725395824565417, 0.0016155988449392605], [0.525958360562166, 0.37198412816071447, 0.0016155988449788616, 0.031845727197553804, 0.06698058638960792, 0.0016155988449788616], [0.3349018166406642, 0.46575087528214204, 0.001615598844945796, 0.03949173235052758, 0.1566243780367745, 0.001615598844945796], [0.1479953122522123, 0.3829045692086664, 0.0016155988449268787, 0.033376256730879836, 0.43249266411838766, 0.0016155988449268787], [0.595943907611166, 0.31274378735027053, 0.0016155988449714626, 0.028767616462585008, 0.05931349088603563, 0.0016155988449714626], [0.6915093383525297, 0.23834852248316746, 0.0016155988449349404, 0.02309829135784395, 0.043812650116589025, 0.0016155988449349404], [0.7768839081610569, 0.17442510302795855, 0.0016155988449286225, 0.01744548220570055, 0.028014308915426885, 0.0016155988449286225], [0.8583151095447014, 0.11265493394489089, 0.0016155988449273256, 0.010510493276044856, 0.015288265544508265, 0.0016155988449273256], [0.05815993185696845, 0.16983656117962462, 0.0016155988449268802, 0.01682602057052764, 0.7519462887030255, 0.0016155988449268802], [0.09250827834860581, 0.23186301065285517, 0.0016155988449268798, 0.022664521464360935, 0.6497329918443243, 0.0016155988449268798], [0.12560949175903124, 0.29762531372711554, 0.0016155988449268798, 0.028841833946644878, 0.5446921628773546, 0.0016155988449268798], [0.14108439037388298, 0.3535920819988836, 0.0016155988449268802, 0.03228424642554795, 0.4698080835118317, 0.0016155988449268802], [0.5297613064482444, 0.3668115541429738, 0.0016155988449855143, 0.0321868063136844, 0.06800913540512642, 0.0016155988449855143], [0.14081083787781531, 0.3537566030663901, 0.0016155988449268802, 0.032246293848561786, 0.469955067517379, 0.0016155988449268802], [0.6185130814031692, 0.2943819105691655, 0.0016155988449283714, 0.027617388740488667, 0.05625642159731994, 0.0016155988449283714], [0.09181494484551299, 0.23248205457292306, 0.0016155988449268798, 0.022580544056657707, 0.6498912588350524, 0.0016155988449268798], [0.7856072810507706, 0.167507075905076, 0.0016155988449273702, 0.016679345485682992, 0.026975099868615834, 0.0016155988449273702], [0.8642057959842288, 0.1078880404217985, 0.0016155988449272805, 0.010111097630558728, 0.014563868273559601, 0.0016155988449272805], [0.9159151156075633, 0.06749055030818296, 0.0016155988449316626, 0.005979079162686325, 0.007384057231704131, 0.0016155988449316626], [0.9397421036702753, 0.04933068872231001, 0.0016155988629347378, 0.0036415776742744687, 0.004054432207270675, 0.0016155988629347378], [0.949241334232779, 0.024347732129363506, 0.01948027570539448, 0.0026804278199974037, 0.0026186435087577264, 0.001631586603707832], [0.992152686295392, 0.0015694627409215901, 0.0015694627409215901, 0.0015694627409215901, 0.0015694627409215901, 0.0015694627409215901]], [[0.992152686295392, 0.0015694627409215901, 0.0015694627409215901, 0.0015694627409215901, 0.0015694627409215901, 0.0015694627409215901], [0.6034217076898846, 0.15852290515578024, 0.16772730897407237, 0.024666610298138117, 0.04402988127839771, 0.0016315866037269662], [0.13765829605786106, 0.360422729871389, 0.0016155988449272527, 0.03136281624459979, 0.46732496013629576, 0.0016155988449272527], [0.529935082418156, 0.36837296191687713, 0.0016155988517153467, 0.03163023596089996, 0.06683052200063629, 0.0016155988517153467], [0.5619091536893759, 0.33953421430396524, 0.0016155988510663198, 0.030584318569892334, 0.06474111573463409, 0.0016155988510663198], [0.0015694627409215903, 0.0015694627409215903, 0.0015694627409215903, 0.0015694627409215903, 0.0015694627409215903, 0.9921526862953921], [0.0015694627409215903, 0.0015694627409215903, 0.0015694627409215903, 0.0015694627409215903, 0.0015694627409215903, 0.9921526862953921], [0.7118620204229109, 0.22032253024076412, 0.0016155988449388689, 0.02201695069799366, 0.04256730094845349, 0.0016155988449388689], [0.09780372709202642, 0.23746251559026813, 0.0016155988449268782, 0.023256400359404156, 0.6382461592684474, 0.0016155988449268782], [0.0015694627409215903, 0.0015694627409215903, 0.0015694627409215903, 0.0015694627409215903, 0.0015694627409215903, 0.9921526862953921], [0.07499904222124346, 0.19927185992664603, 0.0016155988449268798, 0.019617089077456275, 0.7028808110848004, 0.0016155988449268798], [0.05361905324107757, 0.1602672150164285, 0.0016155988449268802, 0.015590113621961279, 0.7672924204306789, 0.0016155988449268802], [0.8598663416046595, 0.11052786965217783, 0.0016155988449279022, 0.010448766493685955, 0.015925824559620914, 0.0016155988449279022], [0.01904980563928537, 0.08323209517656964, 0.0016155988449268798, 0.007156440930686402, 0.8873304605636048, 0.0016155988449268798], [0.9178768365803215, 0.06525674786255622, 0.0016155988449269372, 0.006017854804005636, 0.007617363063262874, 0.0016155988449269372], [0.02992307831614395, 0.111413081905582, 0.0016155988449268798, 0.009804127411199202, 0.845628514677221, 0.0016155988449268798], [0.7866172261564811, 0.1672385486703514, 0.0016155988449269314, 0.016481901829237502, 0.026431125654076248, 0.0016155988449269314], [0.7048468728115139, 0.2281608558743421, 0.001615598844929552, 0.022227733694338753, 0.041533339929946206, 0.001615598844929552], [0.6175025176415228, 0.2960473289348406, 0.0016155988450174562, 0.027481650153064717, 0.05573730558053702, 0.0016155988450174562], [0.13973972559776388, 0.3584316131731426, 0.0016155988449268802, 0.03218874410445491, 0.46640871943478485, 0.0016155988449268802], [0.14803637175366358, 0.3833702422376022, 0.0016155988449268787, 0.03337821123483559, 0.4319839770840449, 0.0016155988449268787], [0.5507518800518141, 0.35214582189842336, 0.00161559884493071, 0.030780593983403503, 0.0630905063764977, 0.00161559884493071], [0.6170453263372314, 0.2965238580529166, 0.0016155988449281507, 0.027510912459800273, 0.0556887054601954, 0.0016155988449281507], [0.09117976288657177, 0.23145993470359377, 0.0016155988449268798, 0.02254651245591871, 0.6515825922640619, 0.0016155988449268798], [0.05692209631125731, 0.16901724535438414, 0.0016155988449268802, 0.01672580245066023, 0.7541036581938445, 0.0016155988449268802], [0.8585823146030337, 0.11228845779115279, 0.0016155988449268947, 0.01056687896139908, 0.015331150954560667, 0.0016155988449268947], [0.7760174363776879, 0.17443912775610476, 0.0016155988449269266, 0.017611092660188635, 0.028701145516164907, 0.0016155988449269266], [0.6905772640530498, 0.23821142244973728, 0.0016155988449270517, 0.02333792293124757, 0.044642192876111285, 0.0016155988449270517], [0.5970330075965536, 0.31049097829704275, 0.0016155988449276665, 0.029028521089459764, 0.060216295327088665, 0.0016155988449276665], [0.5289683867360773, 0.3675272568888917, 0.0016155988449434561, 0.0322271803556415, 0.06804597832950263, 0.0016155988449434561], [0.3408407854829245, 0.4581359301687416, 0.0016155988449269082, 0.039196514378152664, 0.1585955722803275, 0.0016155988449269082], [0.5293336500736188, 0.367379822190002, 0.0016155988449291687, 0.03216210306097447, 0.06789322698554667, 0.0016155988449291687], [0.13347184897376727, 0.31432848753596443, 0.0016155988449268782, 0.030350719571714837, 0.5186177462286996, 0.0016155988449268782], [0.6907395028578012, 0.23839363794754403, 0.0016155988449269708, 0.02323917015242822, 0.04439649135237269, 0.0016155988449269708], [0.7767462494571539, 0.17359730372053161, 0.0016155988449269426, 0.017624312710963826, 0.028800936421496833, 0.0016155988449269426], [0.8588698950593597, 0.11210683893807079, 0.0016155988449273418, 0.010499832696233903, 0.015292235616480923, 0.0016155988449273418], [0.9132165114811528, 0.06984164832459609, 0.0016155988449330916, 0.00614289255192289, 0.0075677499524619656, 0.0016155988449330916], [0.010140665348626532, 0.057402128721941906, 0.0016135071455506416, 0.003080077503347923, 0.9261501141349824, 0.0016135071455506416], [0.947093916519469, 0.02521993142908829, 0.02070660290744623, 0.002701333804845056, 0.002646628735443367, 0.0016315866037081334], [0.992152686295392, 0.0015694627409215901, 0.0015694627409215901, 0.0015694627409215901, 0.0015694627409215901, 0.0015694627409215901]], [[0.992152686295392, 0.0015694627409215901, 0.0015694627409215901, 0.0015694627409215901, 0.0015694627409215901, 0.0015694627409215901], [0.0760332312649644, 0.14006260298588363, 0.13341483758449157, 0.020377727347563046, 0.6284800142133898, 0.0016315866037075158], [0.12219012353748966, 0.29823741555090943, 0.0016155988449312805, 0.027882428663412253, 0.548458834558326, 0.0016155988449312805], [0.5994579864768834, 0.31017966057072044, 0.0016155988465569185, 0.02837934755966458, 0.05875180769961786, 0.0016155988465569185], [0.6259463430027552, 0.2869019819265534, 0.0016155988475074997, 0.027152906174352603, 0.05676757120132382, 0.0016155988475074997], [0.0015694627409215903, 0.0015694627409215903, 0.0015694627409215903, 0.0015694627409215903, 0.0015694627409215903, 0.9921526862953921], [0.0015694627409215903, 0.0015694627409215903, 0.0015694627409215903, 0.0015694627409215903, 0.0015694627409215903, 0.9921526862953921], [0.0015694627409215903, 0.0015694627409215903, 0.0015694627409215903, 0.0015694627409215903, 0.0015694627409215903, 0.9921526862953921], [0.0015694627409215903, 0.0015694627409215903, 0.0015694627409215903, 0.0015694627409215903, 0.0015694627409215903, 0.9921526862953921], [0.057167343667894915, 0.1645666679551612, 0.0016155988449268798, 0.016453271120927242, 0.7585815195661628, 0.0016155988449268798], [0.8179235354165002, 0.14278957076630905, 0.001615598844926896, 0.013958288206150577, 0.022097407921186567, 0.001615598844926896], [0.8584547097740969, 0.11226201184673268, 0.0016155988449269144, 0.010435545722282885, 0.015616534967033791, 0.0016155988449269144], [0.8953900637155414, 0.08258142586306544, 0.001615598844926888, 0.00785462749027787, 0.010942685241261515, 0.001615598844926888], [0.9260249920163106, 0.0589921374209148, 0.001615598844926887, 0.0052979065607593944, 0.006453766312161385, 0.001615598844926887], [0.9236180226362635, 0.06093704797146158, 0.0016155988449268808, 0.005500616167662957, 0.0067131155347581375, 0.0016155988449268808], [0.025419317649179696, 0.1006298416335745, 0.0016155988449268802, 0.00879623208701638, 0.8619234109403756, 0.0016155988449268802], [0.04723831822427291, 0.14822137295581242, 0.0016155988449268806, 0.014139296141246179, 0.7871698149888148, 0.0016155988449268806], [0.742438172110643, 0.20021078147520166, 0.001615598844931218, 0.019733700046390586, 0.03438614867790239, 0.001615598844931218], [0.6724577550835434, 0.2532577306470859, 0.0016155988449327073, 0.02425145150954926, 0.04680186506995621, 0.0016155988449327073], [0.6178212102284263, 0.2958269744942451, 0.0016155988449276114, 0.027436551277201366, 0.055684066310272264, 0.0016155988449276114], [0.5962457390423758, 0.3123926004593011, 0.0016155988449277651, 0.02875160410146048, 0.059378858707007036, 0.0016155988449277651], [0.6167407351894303, 0.29685373478491556, 0.0016155988449273314, 0.027517863537392134, 0.05565646879840732, 0.0016155988449273314], [0.10293409880550036, 0.2589462330738945, 0.0016155988449268798, 0.02489331093122708, 0.6099951594995242, 0.0016155988449268798], [0.7436177678934064, 0.19919095850823812, 0.0016155988449268815, 0.019700787195839044, 0.03425928871266277, 0.0016155988449268815], [0.8155984931542486, 0.14476867926567594, 0.0016155988449268802, 0.014218681603002645, 0.02218294828721907, 0.0016155988449268802], [0.029879761856274372, 0.11164236905908534, 0.0016155988449268798, 0.010003456731056553, 0.8452432146637299, 0.0016155988449268798], [0.7862528663431209, 0.16655572777308553, 0.001615598844926891, 0.016789266081450538, 0.027170942112489372, 0.001615598844926891], [0.7050399704813655, 0.22677260682630107, 0.0016155988449269903, 0.022557016492925738, 0.04239920850955382, 0.0016155988449269903], [0.6148231531485778, 0.29748022561800525, 0.0016155988449276714, 0.027872505815963865, 0.056592917727597766, 0.0016155988449276714], [0.5497562756712947, 0.3519882286057982, 0.001615598844927199, 0.031143196552569585, 0.06388110148048315, 0.001615598844927199], [0.5256785301882977, 0.3711153507094283, 0.0016155988449275923, 0.03219659511807517, 0.06777832629434367, 0.0016155988449275923], [0.1399141394672375, 0.35914855726156636, 0.0016155988449268806, 0.032379738136156036, 0.46532636744518635, 0.0016155988449268806], [0.6162301686087889, 0.2965411484182856, 0.0016155988449269702, 0.027690574201300937, 0.056306911081770675, 0.0016155988449269702], [0.09205188873637866, 0.23149194976830806, 0.0016155988449268798, 0.022587550889957276, 0.6506374129155021, 0.0016155988449268798], [0.7862636668574993, 0.16668709615231095, 0.0016155988449274893, 0.01673362439171026, 0.027084414908624635, 0.0016155988449274893], [0.8635474579415675, 0.10863682243528412, 0.0016155988449277215, 0.010104642865817323, 0.014479879067475596, 0.0016155988449277215], [0.015044757746199278, 0.07897918491589813, 0.0016155988449268802, 0.006186159582911123, 0.8965587000651377, 0.0016155988449268802], [0.9391677615211738, 0.04988529949118284, 0.0016155988632779001, 0.0036639656049167204, 0.004051775656170889, 0.0016155988632779001], [0.9475367497668116, 0.02499701116680479, 0.020563839577756465, 0.002703668662026961, 0.002567218844793793, 0.0016315119818064965], [0.992152686295392, 0.0015694627409215901, 0.0015694627409215901, 0.0015694627409215901, 0.0015694627409215901, 0.0015694627409215901]], [[0.992152686295392, 0.0015694627409215901, 0.0015694627409215901, 0.0015694627409215901, 0.0015694627409215901, 0.0015694627409215901], [0.7440587219630765, 0.11333534826490023, 0.09744363258149884, 0.01650086986118172, 0.027029840725618346, 0.0016315866037243268], [0.7068564728251868, 0.22807888537106433, 0.0016155988564438397, 0.021590049409984113, 0.04024339468087729, 0.0016155988564438397], [0.6931858670821474, 0.23741651220592935, 0.0016155988451219802, 0.022733541706895292, 0.043432881314784094, 0.0016155988451219802], [0.7090116123677462, 0.22391321436104233, 0.0016155988451340213, 0.021924514447940295, 0.04191946113300307, 0.0016155988451340213], [0.7482758381193071, 0.19415973756381583, 0.0016155988449823764, 0.019386080530669498, 0.034947146096242956, 0.0016155988449823764], [0.8025666794044388, 0.15245741080236333, 0.0016155988449293947, 0.01561450413780771, 0.026130207965531442, 0.0016155988449293947], [0.0015694627409215903, 0.0015694627409215903, 0.0015694627409215903, 0.0015694627409215903, 0.0015694627409215903, 0.9921526862953921], [0.0015694627409215903, 0.0015694627409215903, 0.0015694627409215903, 0.0015694627409215903, 0.0015694627409215903, 0.9921526862953921], [0.7923811081813525, 0.16105426452442134, 0.001615598844926918, 0.016472358320125596, 0.026861071284246772, 0.001615598844926918], [0.04697681883083474, 0.1454486893845897, 0.0016155988449268802, 0.013943887785956954, 0.7903994063087648, 0.0016155988449268802], [0.8584636901076315, 0.1121509366586485, 0.0016155988449269342, 0.01050644838399218, 0.015647727159874024, 0.0016155988449269342], [0.8950280037598621, 0.08313175962284389, 0.0016155988449270248, 0.007832447153245346, 0.010776591774194575, 0.0016155988449270248], [0.013851904173259535, 0.06746682669328105, 0.0016155988449268806, 0.005112600662998656, 0.910337470780607, 0.0016155988449268806], [0.012225910407995541, 0.060221132947593084, 0.0016155988449268806, 0.004073498987726132, 0.9202482599668316, 0.0016155988449268806], [0.9059842766587272, 0.07477496967984311, 0.001615598844926881, 0.006980221933489485, 0.009029334038086537, 0.001615598844926881], [0.8584130621938328, 0.11215092257558157, 0.0016155988449268802, 0.010518033236810755, 0.015686784303921158, 0.0016155988449268802], [0.7971028973615762, 0.15887431736556473, 0.0016155988449269017, 0.015759433878706777, 0.02503215370429828, 0.0016155988449269017], [0.7437917014327565, 0.1988204014490308, 0.0016155988449275392, 0.019749862421942037, 0.034406837006415655, 0.0016155988449275392], [0.7051144228499293, 0.22821898766276566, 0.0016155988449272185, 0.022195128226658218, 0.041240263570792336, 0.0016155988449272185], [0.0969228348981334, 0.24236434604671647, 0.001615598844926879, 0.02337838360772182, 0.6341032377575746, 0.001615598844926879], [0.7044875747260798, 0.22885715480465416, 0.0016155988449269118, 0.02223343934361372, 0.04119063343579838, 0.0016155988449269118], [0.7424295211061694, 0.20033880405078178, 0.0016155988449