{"prediction": [[[0.9999950000250003, 9.999950000250002e-07, 9.999950000250002e-07, 9.999950000250002e-07, 9.999950000250002e-07, 9.999950000250002e-07], [0.9999950000250003, 9.999950000250002e-07, 9.999950000250002e-07, 9.999950000250002e-07, 9.999950000250002e-07, 9.999950000250002e-07], [0.9999950000250003, 9.999950000250002e-07, 9.999950000250002e-07, 9.999950000250002e-07, 9.999950000250002e-07, 9.999950000250002e-07], [0.9999950000250003, 9.999950000250002e-07, 9.999950000250002e-07, 9.999950000250002e-07, 9.999950000250002e-07, 9.999950000250002e-07], [0.9999950000250003, 9.999950000250002e-07, 9.999950000250002e-07, 9.999950000250002e-07, 9.999950000250002e-07, 9.999950000250002e-07], [0.9999950000250003, 9.999950000250002e-07, 9.999950000250002e-07, 9.999950000250002e-07, 9.999950000250002e-07, 9.999950000250002e-07], [0.9999950000250003, 9.999950000250002e-07, 9.999950000250002e-07, 9.999950000250002e-07, 9.999950000250002e-07, 9.999950000250002e-07], [0.9999950000250003, 9.999950000250002e-07, 9.999950000250002e-07, 9.999950000250002e-07, 9.999950000250002e-07, 9.999950000250002e-07], [0.9999950000250003, 9.999950000250002e-07, 9.999950000250002e-07, 9.999950000250002e-07, 9.999950000250002e-07, 9.999950000250002e-07], [0.9999950000250003, 9.999950000250002e-07, 9.999950000250002e-07, 9.999950000250002e-07, 9.999950000250002e-07, 9.999950000250002e-07], [0.9999950000250003, 9.999950000250002e-07, 9.999950000250002e-07, 9.999950000250002e-07, 9.999950000250002e-07, 9.999950000250002e-07], [0.9999950000250003, 9.999950000250002e-07, 9.999950000250002e-07, 9.999950000250002e-07, 9.999950000250002e-07, 9.999950000250002e-07], [0.9999950000250003, 9.999950000250002e-07, 9.999950000250002e-07, 9.999950000250002e-07, 9.999950000250002e-07, 9.999950000250002e-07], [0.9999950000250003, 9.999950000250002e-07, 9.999950000250002e-07, 9.999950000250002e-07, 9.999950000250002e-07, 9.999950000250002e-07], [0.9999950000250003, 9.999950000250002e-07, 9.999950000250002e-07, 9.999950000250002e-07, 9.999950000250002e-07, 9.999950000250002e-07], [0.9999950000250003, 9.999950000250002e-07, 9.999950000250002e-07, 9.999950000250002e-07, 9.999950000250002e-07, 9.999950000250002e-07], [0.9999950000250003, 9.999950000250002e-07, 9.999950000250002e-07, 9.999950000250002e-07, 9.999950000250002e-07, 9.999950000250002e-07], [0.9999950000250003, 9.999950000250002e-07, 9.999950000250002e-07, 9.999950000250002e-07, 9.999950000250002e-07, 9.999950000250002e-07], [0.9999950000250003, 9.999950000250002e-07, 9.999950000250002e-07, 9.999950000250002e-07, 9.999950000250002e-07, 9.999950000250002e-07], [0.9999950000250003, 9.999950000250002e-07, 9.999950000250002e-07, 9.999950000250002e-07, 9.999950000250002e-07, 9.999950000250002e-07], [0.9999950000250003, 9.999950000250002e-07, 9.999950000250002e-07, 9.999950000250002e-07, 9.999950000250002e-07, 9.999950000250002e-07], [0.9999950000250003, 9.999950000250002e-07, 9.999950000250002e-07, 9.999950000250002e-07, 9.999950000250002e-07, 9.999950000250002e-07], [0.9999950000250003, 9.999950000250002e-07, 9.999950000250002e-07, 9.999950000250002e-07, 9.999950000250002e-07, 9.999950000250002e-07], [0.9999950000250003, 9.999950000250002e-07, 9.999950000250002e-07, 9.999950000250002e-07, 9.999950000250002e-07, 9.999950000250002e-07], [0.9999950000250003, 9.999950000250002e-07, 9.999950000250002e-07, 9.999950000250002e-07, 9.999950000250002e-07, 9.999950000250002e-07], [0.9999950000250003, 9.999950000250002e-07, 9.999950000250002e-07, 9.999950000250002e-07, 9.999950000250002e-07, 9.999950000250002e-07], [0.9999950000250003, 9.999950000250002e-07, 9.999950000250002e-07, 9.999950000250002e-07, 9.999950000250002e-07, 9.999950000250002e-07], [0.9999950000250003, 9.999950000250002e-07, 9.999950000250002e-07, 9.999950000250002e-07, 9.999950000250002e-07, 9.999950000250002e-07], [0.9999950000250003, 9.999950000250002e-07, 9.999950000250002e-07, 9.999950000250002e-07, 9.999950000250002e-07, 9.999950000250002e-07], [0.9999950000250003, 9.999950000250002e-07, 9.999950000250002e-07, 9.999950000250002e-07, 9.999950000250002e-07, 9.999950000250002e-07], [0.9999950000250003, 9.999950000250002e-07, 9.999950000250002e-07, 9.999950000250002e-07, 9.999950000250002e-07, 9.999950000250002e-07], [0.9999950000250003, 9.999950000250002e-07, 9.999950000250002e-07, 9.999950000250002e-07, 9.999950000250002e-07, 9.999950000250002e-07], [0.9999950000250003, 9.999950000250002e-07, 9.999950000250002e-07, 9.999950000250002e-07, 9.999950000250002e-07, 9.999950000250002e-07], [0.9999950000250003, 9.999950000250002e-07, 9.999950000250002e-07, 9.999950000250002e-07, 9.999950000250002e-07, 9.999950000250002e-07], [0.9999950000250003, 9.999950000250002e-07, 9.999950000250002e-07, 9.999950000250002e-07, 9.999950000250002e-07, 9.999950000250002e-07], [0.9999950000250003, 9.999950000250002e-07, 9.999950000250002e-07, 9.999950000250002e-07, 9.999950000250002e-07, 9.999950000250002e-07], [0.9999950000250003, 9.999950000250002e-07, 9.999950000250002e-07, 9.999950000250002e-07, 9.999950000250002e-07, 9.999950000250002e-07], [0.9999950000250003, 9.999950000250002e-07, 9.999950000250002e-07, 9.999950000250002e-07, 9.999950000250002e-07, 9.999950000250002e-07], [0.9999950000250003, 9.999950000250002e-07, 9.999950000250002e-07, 9.999950000250002e-07, 9.999950000250002e-07, 9.999950000250002e-07], [0.9999950000250003, 9.999950000250002e-07, 9.999950000250002e-07, 9.999950000250002e-07, 9.999950000250002e-07, 9.999950000250002e-07]], [[0.9999950000250003, 9.999950000250002e-07, 9.999950000250002e-07, 9.999950000250002e-07, 9.999950000250002e-07, 9.999950000250002e-07], [0.8409916157328162, 0.08637408227492457, 0.04816706244255128, 0.010862918597548395, 0.013603313235272179, 1.0077168873846138e-06], [0.8340517262650317, 0.08833235067730849, 0.053556266769633994, 0.011918520937538708, 0.01214013149945861, 1.0038510284890597e-06], [0.834136846439836, 0.08550641371141235, 0.05127555966291678, 0.011583972527652333, 0.017496203807153943, 1.0038510284890597e-06], [0.02922793769249658, 0.0620552219637404, 0.038314835227164036, 0.0069744990945126775, 0.8634265021710578, 1.0038510284890597e-06], [0.8544036387627062, 0.07734759298810598, 0.04467281484481848, 0.010635048509614536, 0.012939901043726216, 1.0038510284890602e-06], [0.8440423625059884, 0.0862931666929356, 0.0480789151511026, 0.010875413829952505, 0.010709134103133516, 1.0077168873846138e-06], [0.9999950000250003, 9.999950000250002e-07, 9.999950000250002e-07, 9.999950000250002e-07, 9.999950000250002e-07, 9.999950000250002e-07], [0.9999950000250003, 9.999950000250002e-07, 9.999950000250002e-07, 9.999950000250002e-07, 9.999950000250002e-07, 9.999950000250002e-07], [0.8747086655132674, 0.07063994879459957, 0.03847979640023047, 0.008375149896069486, 0.007795427798256973, 1.0115975760229392e-06], [0.8742479742938148, 0.07082820188743891, 0.03864143463897016, 0.008417454417304763, 0.00786393089661208, 1.0038658591434268e-06], [0.8007471634344038, 0.09846468921594344, 0.0670305492274173, 0.014701890343961358, 0.019054703927245592, 1.003851028488037e-06], [0.7357630546448298, 0.12113320818621218, 0.09567741156649888, 0.019918510082691472, 0.02750681166873935, 1.003851028223472e-06], [0.672549783980972, 0.1421560405859673, 0.12247358711931611, 0.02438543587013656, 0.03843414859257978, 1.0038510282224493e-06], [0.10481917909568166, 0.1459847663028701, 0.13837372674886156, 0.02679197746236568, 0.5840293465391927, 1.0038510282224491e-06], [0.5895458153471758, 0.1632521836714342, 0.16420793893555077, 0.02959188287602167, 0.0534011753187894, 1.0038510282224491e-06], [0.576801528339117, 0.16662502779704436, 0.17305941648727519, 0.03057391720436069, 0.05293910632117457, 1.0038510282224491e-06], [0.11889623738151217, 0.15868371819540586, 0.14938510590642787, 0.028639478233625316, 0.5443944564320006, 1.0038510282224491e-06], [0.11744331193272148, 0.158379013219477, 0.14930985011768014, 0.028634646144139263, 0.5462321747349539, 1.0038510282224491e-06], [0.12354580257968939, 0.1634799345665574, 0.15365566598346406, 0.029326321008379213, 0.5299912720108817, 1.0038510282224491e-06], [0.12354029887977801, 0.17580572448319592, 0.18054427326847416, 0.030194701945132938, 0.48991399757239074, 1.0038510282224491e-06], [0.5538363862539718, 0.17729618637830616, 0.1877766820202301, 0.02853572972110842, 0.05255401177535534, 1.0038510282224493e-06], [0.12706176387616389, 0.1756323298486298, 0.1805853403034526, 0.030200901945900586, 0.4865186601748249, 1.0038510282224491e-06], [0.591546555329098, 0.16296474905464398, 0.16424968765221754, 0.029590369413635853, 0.05164763469937646, 1.0038510282224493e-06], [0.628876994530353, 0.15439541136611226, 0.1419550059775883, 0.027109930684239145, 0.047661653590679184, 1.0038510282224493e-06], [0.5935456217211875, 0.16298165574945464, 0.16422133811458214, 0.029589444612381575, 0.04966093595136598, 1.0038510282224493e-06], [0.5767895540739655, 0.1666473443645933, 0.17310446562640486, 0.03056163313822012, 0.05289599894578791, 1.0038510282234755e-06], [0.12094506878955844, 0.15856111571624318, 0.14940033972232342, 0.028630994901979782, 0.5424614770188666, 1.0038510284880407e-06], [0.6294942963145507, 0.15328501958986546, 0.14212813696944962, 0.027050160064126017, 0.0480413832109797, 1.003851028489064e-06], [0.7331775793551306, 0.11771027796560517, 0.0916048175790639, 0.02209444415004882, 0.035411877084292276, 1.0038658591434268e-06], [0.7781447246239508, 0.10617826281279066, 0.07235148911819687, 0.018766511247734843, 0.024558000614810706, 1.0115825160408495e-06], [0.9999950000250003, 9.999950000250002e-07, 9.999950000250002e-07, 9.999950000250002e-07, 9.999950000250002e-07, 9.999950000250002e-07], [0.7752160846801529, 0.10641299019680081, 0.07257372789744765, 0.018777008479483243, 0.027019181044172554, 1.0077019427261893e-06], [0.672503239886666, 0.1422403510014731, 0.1223841884404041, 0.024401016390371625, 0.03847020043005657, 1.00385102848906e-06], [0.10459739205547053, 0.14614172919661916, 0.13837372705119988, 0.026812917953962737, 0.5840732298917192, 1.00385102848906e-06], [0.5896455459204454, 0.16313191009059444, 0.16420793924475033, 0.02961320145343681, 0.053400399439744554, 1.00385102848906e-06], [0.5783829717294895, 0.16681876854542024, 0.17311688321012586, 0.030598009822842498, 0.05108236284109328, 1.0038510284890597e-06], [0.5918011985342122, 0.1631319759551784, 0.1641397628124517, 0.029607113505639698, 0.05131894534148942, 1.0038510284890597e-06], [0.6621547570594691, 0.1461733776710061, 0.12073164123338471, 0.025241320201201966, 0.045697896118050634, 1.0077168873846136e-06], [0.9999950000250003, 9.999950000250002e-07, 9.999950000250002e-07, 9.999950000250002e-07, 9.999950000250002e-07, 9.999950000250002e-07]], [[0.9999950000250003, 9.999950000250002e-07, 9.999950000250002e-07, 9.999950000250002e-07, 9.999950000250002e-07, 9.999950000250002e-07], [0.05351744326938207, 0.09937758655912779, 0.06656883985841433, 0.01371484764838238, 0.7668202788136649, 1.00385102848906e-06], [0.7630402435295905, 0.17740898544305686, 0.0004628904851696587, 0.022313210833850506, 0.036773669708332624, 9.99999999998008e-07], [0.06928777955074317, 0.17837043179811696, 0.00019846291552988465, 0.021254671948480172, 0.7308876537871299, 9.99999999998004e-07], [0.050343302579402005, 0.16071038962997225, 0.00014855000594842083, 0.0183738373003478, 0.7704229204843296, 9.99999999998004e-07], [0.797132388420792, 0.1560551849596504, 0.0003738483576650315, 0.018361078202738693, 0.028076500059153717, 9.999999999980077e-07], [0.8164645976428585, 0.08952412277961884, 0.0523314148039397, 0.018174764714369976, 0.02350409622301469, 1.0038361982728933e-06], [0.9999950000250003, 9.999950000250002e-07, 9.999950000250002e-07, 9.999950000250002e-07, 9.999950000250002e-07, 9.999950000250002e-07], [0.9999950000250003, 9.999950000250002e-07, 9.999950000250002e-07, 9.999950000250002e-07, 9.999950000250002e-07, 9.999950000250002e-07], [0.9999950000250003, 9.999950000250002e-07, 9.999950000250002e-07, 9.999950000250002e-07, 9.999950000250002e-07, 9.999950000250002e-07], [0.8280564303867082, 0.09230290093340478, 0.052005584214567684, 0.013133815323965233, 0.014500265305155751, 1.003836198272893e-06], [0.7767548803949225, 0.17160282925028963, 0.0004833067718686671, 0.021264921441302945, 0.02989306214161657, 9.999999997344575e-07], [0.6804795297495928, 0.17655586205009824, 0.0003694845527590727, 0.02561819253151242, 0.11697593111610587, 9.999999315607524e-07], [0.711547738840903, 0.20267447326612983, 0.0004725841582301717, 0.02877654304823229, 0.056527660686573424, 9.999999312971985e-07], [0.6745919125830844, 0.22621979077868867, 0.0005338170145635108, 0.029956983105024634, 0.06869649651870767, 9.999999312971991e-07], [0.15203379754770188, 0.3232021152051748, 0.0006333068706382998, 0.0304967208478926, 0.49363305952866127, 9.999999312971987e-07], [0.6514741874261909, 0.2555257769522552, 0.0006673947004241054, 0.02919122866978039, 0.06314041225141809, 9.999999312971987e-07], [0.5842240948866401, 0.32142481036890996, 0.0005762228181411268, 0.029576792573967163, 0.06419707935241031, 9.999999312971985e-07], [0.6595522776121591, 0.246092119435987, 0.0005759330013842928, 0.02957677396515943, 0.064201895985379, 9.999999312971985e-07], [0.5743337007974896, 0.33163033138280096, 0.0005926691260197135, 0.0291760943507437, 0.06426620434301478, 9.999999312971985e-07], [0.13275218230897656, 0.375566429904048, 0.0006962195516918974, 0.02784797951750763, 0.4631361887178447, 9.999999312971985e-07], [0.3218986728403259, 0.42537371954749287, 0.0007240722030747403, 0.0353689738923397, 0.21663356151683563, 9.999999312971987e-07], [0.5741611235824629, 0.33084484792379015, 0.0006963777045076248, 0.02919210551475863, 0.06510454527454951, 9.999999312971985e-07], [0.5940824879892315, 0.23326790027404284, 0.0006334676486710271, 0.03018661336875615, 0.1418285307193673, 9.999999312971985e-07], [0.15514751650155428, 0.37676006491110803, 0.0005476088403972098, 0.031103012285172177, 0.436440797461837, 9.999999312971985e-07], [0.6599940209616415, 0.24605011436477742, 0.0006812790544863397, 0.029574025709466892, 0.0636995599096967, 9.99999931297202e-07], [0.6487074496516633, 0.2604426700885733, 0.013105150971537404, 0.025994910990202357, 0.05174881828337498, 1.0000146486431089e-06], [0.6047422055421415, 0.2938826992239768, 0.0119770190821777, 0.02891927998248884, 0.060477792347846726, 1.003821368229334e-06], [0.6446405641509406, 0.13944580277352614, 0.13292298537118322, 0.0240606103800655, 0.058929037294849926, 1.000029434599085e-06], [0.6509175066274938, 0.1482930372551358, 0.13221185779494657, 0.025798045050386208, 0.04277854558503919, 1.0076869985110232e-06], [0.9999950000250003, 9.999950000250002e-07, 9.999950000250002e-07, 9.999950000250002e-07, 9.999950000250002e-07, 9.999950000250002e-07], [0.04690050512517021, 0.10147448898520597, 0.06864140164835984, 0.01418761751503982, 0.7687949790392256, 1.007686998511023e-06], [0.08117513121814919, 0.14291450853057927, 0.09815667094072386, 0.019255991581408, 0.6584966977144227, 1.000014717082439e-06], [0.6573672115850029, 0.23912832131305053, 0.0008496763328943007, 0.03394166088132662, 0.0687121298877257, 9.99999999998008e-07], [0.6191975546059204, 0.2668251810028961, 0.0005338857520474396, 0.03536801546243163, 0.07807436317670442, 9.99999999998004e-07], [0.17783814934762843, 0.2923905411594341, 0.0006333756149572623, 0.036010686742915576, 0.4931262471350647, 9.999999999980037e-07], [0.5886268938312864, 0.3011007421596897, 0.0006676847553771794, 0.03447179286191899, 0.07513188639172787, 9.99999999998004e-07], [0.17934937920785468, 0.29197385481568394, 0.0012634355819457755, 0.035986292012579975, 0.4914260383819358, 9.999999999980077e-07], [0.5918011985342122, 0.16313197595517837, 0.1641397628124517, 0.029607113505639698, 0.051318945341489425, 1.0038510284890597e-06], [0.9999950000250003, 9.999950000250002e-07, 9.999950000250002e-07, 9.999950000250002e-07, 9.999950000250002e-07, 9.999950000250002e-07]], [[0.9999950000250003, 9.999950000250002e-07, 9.999950000250002e-07, 9.999950000250002e-07, 9.999950000250002e-07, 9.999950000250002e-07], [0.703649912288044, 0.13232413578961177, 0.1091606389386452, 0.022247000274718216, 0.03261730885795239, 1.0038510284890597e-06], [0.7058249404931264, 0.21221237074178945, 0.0004213835356176975, 0.031336327221363015, 0.05020397800810366, 9.99999999998004e-07], [0.7099453417120553, 0.20837031964758476, 9.99999999996e-07, 0.03026572479471151, 0.05141661384564839, 9.99999999996e-07], [0.09421973761403672, 0.20150573239890415, 9.999999999960003e-07, 0.027289816074625703, 0.6769827139124336, 9.999999999960003e-07], [0.7337481971520071, 0.19633844101251388, 6.312944845418417e-05, 0.027110703638355466, 0.04273852874866924, 9.999999999980035e-07], [0.7514483226727949, 0.1801768673239449, 0.016463458926197508, 0.019650594378779074, 0.032259756683566516, 1.0000147170824388e-06], [0.7168813697431731, 0.12000991254926893, 0.10192520572372248, 0.025513954923414663, 0.035668553224222604, 1.003836198272893e-06], [0.7653734348259718, 0.10612956811429751, 0.07674419735985362, 0.019989095468190072, 0.03176269652974424, 1.007701942726189e-06], [0.9999950000250003, 9.999950000250002e-07, 9.999950000250002e-07, 9.999950000250002e-07, 9.999950000250002e-07, 9.999950000250002e-07], [0.7811467092199077, 0.10399862548409117, 0.07515201338767084, 0.016356427786406037, 0.02334521643492572, 1.007686998511023e-06], [0.8516817218711381, 0.1074537107088779, 0.0069621342240612895, 0.014820437033032935, 0.019080996148173015, 1.0000147168178624e-06], [0.10171486694703424, 0.25795308207727136, 7.76855995136357e-05, 0.026777665308172535, 0.6134757000680772, 9.999999312972023e-07], [0.2897947217150826, 0.2033046930725352, 1.1280338672415183e-06, 0.029128910993349435, 0.4777695461852345, 9.999999310326256e-07], [0.15490089251444314, 0.23253938435558427, 9.999998620652608e-07, 0.03171298414341006, 0.5808447389868384, 9.999998620652608e-07], [0.14476908881026798, 0.25948934400025053, 9.999998620652604e-07, 0.02967480897116429, 0.5660647582185931, 9.999998620652604e-07], [0.3220422096269512, 0.3498941358161968, 9.999998620652608e-07, 0.03537848164148993, 0.29268317291563783, 9.999998620652608e-07], [0.5019076746760217, 0.40740443125681886, 9.999998620652604e-07, 0.029182238171840204, 0.061503655895595005, 9.999998620652604e-07], [0.577533812139386, 0.3320717974325927, 9.999998620652608e-07, 0.029182238171840208, 0.06121015225645695, 9.999998620652608e-07], [0.3238822765124479, 0.5012642420202864, 9.999998620652608e-07, 0.03537020209030779, 0.13948127937723384, 9.999998620652608e-07], [0.6220700503897569, 0.2903517066196563, 9.999998620652608e-07, 0.02752335801363776, 0.060052884977224885, 9.999998620652608e-07], [0.5760718592106575, 0.33157583879237357, 9.999998620652608e-07, 0.029181674865927005, 0.06316862713131777, 9.999998620652608e-07], [0.15257887129019146, 0.2495619117128174, 9.999998620652608e-07, 0.030496282570602235, 0.5673609344266648, 9.999998620652608e-07], [0.526287214743077, 0.37813794994167843, 9.99999862065261e-07, 0.02996643336091434, 0.06560640195460606, 9.99999862065261e-07], [0.5941365325380085, 0.23380737493621515, 9.999998620652608e-07, 0.030188028969920195, 0.14186606355613207, 9.999998620652608e-07], [0.5781988621943401, 0.33027127606125434, 0.00083356514609592, 0.029155164040955455, 0.06154013255742301, 9.999999310326292e-07], [0.40362003204633956, 0.13300173881296065, 0.21620531684404062, 0.02733911853623784, 0.21983278992429225, 1.0038361290439075e-06], [0.9999950000250003, 9.999950000250002e-07, 9.999950000250002e-07, 9.999950000250002e-07, 9.999950000250002e-07, 9.999950000250002e-07], [0.1308339061178989, 0.16206889010419998, 0.12992217928304475, 0.03030289266170011, 0.5468711202506402, 1.0115825160408495e-06], [0.9999950000250003, 9.999950000250002e-07, 9.999950000250002e-07, 9.999950000250002e-07, 9.999950000250002e-07, 9.999950000250002e-07], [0.9999950000250003, 9.999950000250002e-07, 9.999950000250002e-07, 9.999950000250002e-07, 9.999950000250002e-07, 9.999950000250002e-07], [0.06929079702867613, 0.12176411359000659, 0.0940811914223102, 0.017501803725344427, 0.6973610903826342, 1.00385102848906e-06], [0.6771352666993349, 0.2248544442818519, 0.0007406789587080544, 0.03255589423519923, 0.0647127158249059, 9.999999999980077e-07], [0.16959370073788857, 0.24596419309321024, 2.4588932911620702e-06, 0.0349477945705895, 0.5494908527050206, 9.999999999980003e-07], [0.6101535375060616, 0.2741878912706034, 9.999999999960003e-07, 0.03566009785323725, 0.07999647337009787, 9.999999999960003e-07], [0.17063438732264222, 0.3061326308328403, 9.999999999960003e-07, 0.035045217555340735, 0.48818576428917687, 9.999999999960003e-07], [0.3793073260838507, 0.4125067265631934, 9.99999999996e-07, 0.041791449273237594, 0.16639249807971832, 9.99999999996e-07], [0.5902636015789776, 0.3010902871092582, 0.0006676847553771798, 0.03446758533318111, 0.07350984122320602, 9.999999999980041e-07], [0.5783893011272253, 0.1668187259169626, 0.1731168832101259, 0.030597993640528245, 0.05107609225412937, 1.00385102848906e-06], [0.9999950000250003, 9.999950000250002e-07, 9.999950000250002e-07, 9.999950000250002e-07, 9.999950000250002e-07, 9.999950000250002e-07]], [[0.9999950000250003, 9.999950000250002e-07, 9.999950000250002e-07, 9.999950000250002e-07, 9.999950000250002e-07, 9.999950000250002e-07], [0.6487329727806538, 0.14879342712024626, 0.13189406144933832, 0.025853215990857322, 0.044725318807875704, 1.0038510284890597e-06], [0.16617409751700027, 0.23949052859354084, 0.0005089319799873149, 0.03437573611333194, 0.5594497057961397, 9.99999999998004e-07], [0.6560044284204037, 0.23967446858052996, 9.999999999960003e-07, 0.03401970892446015, 0.07029939407460617, 9.999999999960003e-07], [0.13352470350575593, 0.22566550727589205, 9.999999999960003e-07, 0.032844819765962006, 0.6079629694523901, 9.999999999960003e-07], [0.6798966313948658, 0.22545867800837005, 1.237187772545554e-06, 0.03264514135369783, 0.0619973120552939, 9.999999999980003e-07], [0.15881479172581106, 0.23596593183816658, 6.38661904577184e-05, 0.03395453193386471, 0.5711998783117, 9.99999999998004e-07], [0.6488752622604932, 0.24439151502396167, 0.00045477983073757513, 0.03446234851887661, 0.071815094365931, 9.999999999980077e-07], [0.11748584543932959, 0.20227015324405578, 0.016530015384852353, 0.026362224079539958, 0.6373507618375052, 1.000014717082439e-06], [0.7023025654068789, 0.12631242589053884, 0.10140142594744066, 0.02483509710875935, 0.04514747797432747, 1.0076720547390957e-06], [0.9999950000250003, 9.999950000250002e-07, 9.999950000250002e-07, 9.999950000250002e-07, 9.999950000250002e-07, 9.999950000250002e-07], [0.7421378138337323, 0.11173641409851025, 0.08956830859333698, 0.023759200012542423, 0.03279725578982346, 1.0076720544704512e-06], [0.764752330997834, 0.16881336828319693, 0.013875270941700817, 0.0180600463777255, 0.03449798338489425, 1.0000146483795431e-06], [0.708353379415012, 0.20303428889284517, 8.458209078717492e-05, 0.028756338839396052, 0.05977041076202871, 9.999999310326328e-07], [0.22938439939951785, 0.22598454921825104, 1.0522014268500117e-06, 0.031115419897598008, 0.5135135792832753, 9.999999310326258e-07], [0.5827536812496742, 0.32133175165357725, 9.999998620652608e-07, 0.029589683636361972, 0.06632288346066244, 9.999998620652608e-07], [0.5761674698518129, 0.3314589944844622, 9.999998620652608e-07, 0.029187413109174356, 0.0631841225548265, 9.999998620652608e-07], [0.5837438536892733, 0.3223965959154758, 9.999998620652608e-07, 0.029580660546457256, 0.06427688984906949, 9.999998620652608e-07], [0.5857168286194409, 0.24672215378631518, 9.999998620652608e-07, 0.02958045904216365, 0.13797855855235625, 9.999998620652608e-07], [0.5745323349302044, 0.33170158109071124, 9.999998620652608e-07, 0.029195593119330177, 0.06456849086003016, 9.999998620652608e-07], [0.15357045863511654, 0.24856973386185097, 9.99999862065261e-07, 0.03049163027818545, 0.5673661772251231, 9.99999862065261e-07], [0.5923898989623605, 0.30922441124927164, 9.999998620652604e-07, 0.030190089701540107, 0.06819360008710366, 9.999998620652604e-07], [0.5263930752115925, 0.3786435287565389, 9.99999862065261e-07, 0.029963386396932506, 0.06499800963521206, 9.99999862065261e-07], [0.5474255851475146, 0.3644770563843384, 9.999998620652608e-07, 0.029398529536504965, 0.05869682893191783, 9.999998620652608e-07], [0.6036195856089963, 0.30306049958867903, 9.999998620652608e-07, 0.02996204682455272, 0.06335586797804788, 9.999998620652608e-07], [0.5842189986246197, 0.32142128613260723, 0.0008016443364194647, 0.029571429458950443, 0.06398564144747206, 9.999999310326294e-07], [0.5958312098005955, 0.12356577635187409, 0.20791824956964863, 0.024331701215081287, 0.0483520592266713, 1.0038361290439073e-06], [0.9999950000250003, 9.999950000250002e-07, 9.999950000250002e-07, 9.999950000250002e-07, 9.999950000250002e-07, 9.999950000250002e-07], [0.9999950000250003, 9.999950000250002e-07, 9.999950000250002e-07, 9.999950000250002e-07, 9.999950000250002e-07, 9.999950000250002e-07], [0.9999950000250003, 9.999950000250002e-07, 9.999950000250002e-07, 9.999950000250002e-07, 9.999950000250002e-07, 9.999950000250002e-07], [0.9999950000250003, 9.999950000250002e-07, 9.999950000250002e-07, 9.999950000250002e-07, 9.999950000250002e-07, 9.999950000250002e-07], [0.7222769670054046, 0.11620275417765184, 0.09567478990068466, 0.024672768298049583, 0.041171716782011036, 1.0038361982728929e-06], [0.15682203164836359, 0.23569864253852704, 0.00036944802261673144, 0.033973436759450526, 0.5731354410310421, 9.999999999980037e-07], [0.6191329885155376, 0.2671845598559711, 9.999999999959998e-07, 0.035395100039516444, 0.07828535158897482, 9.999999999959998e-07], [0.5997265974295298, 0.29016187863549125, 9.99999999996e-07, 0.034947123581346766, 0.0751624003536321, 9.99999999996e-07], [0.15593766796448494, 0.35401253330207905, 9.999999999960003e-07, 0.0329012550785863, 0.45714654365484986, 9.999999999960003e-07], [0.5575324784442086, 0.3416472162460746, 9.99999999996e-07, 0.032514180916326046, 0.06830412439339063, 9.99999999996e-07], [0.6011788234608701, 0.2897127851090389, 0.0006334265481147832, 0.03492332240225546, 0.07355064247972079, 9.99999999998004e-07], [0.5933176529330797, 0.1631509359154405, 0.16422116489368171, 0.029610154311493882, 0.04969908809527586, 1.00385102848906e-06], [0.9999950000250003, 9.999950000250002e-07, 9.999950000250002e-07, 9.999950000250002e-07, 9.999950000250002e-07, 9.999950000250002e-07]], [[0.9999950000250003, 9.999950000250002e-07, 9.999950000250002e-07, 9.999950000250002e-07, 9.999950000250002e-07, 9.999950000250002e-07], [0.5916818764627544, 0.16310565427468662, 0.16421160936196896, 0.029606564363538316, 0.051393291686023274, 1.0038510284880371e-06], [0.6083105398362928, 0.27407954451619965, 0.0006333894851906345, 0.03562214682103609, 0.08135337934128117, 9.999999997344498e-07], [0.17980052324010956, 0.266664936166754, 9.99999999466862e-07, 0.036732049933815805, 0.5168004906593218, 9.99999999466862e-07], [0.1638410784623463, 0.24609899957833745, 9.999999994668622e-07, 0.03493569414836562, 0.5551222278109519, 9.999999994668622e-07], [0.1659201347071748, 0.24638991934290994, 9.99999999466862e-07, 0.034934101680239825, 0.5527538442696766, 9.99999999466862e-07], [0.6190750592366903, 0.26730828605785817, 9.99999999466862e-07, 0.035374518598333106, 0.07824013610711943, 9.99999999466862e-07], [0.6122433402778334, 0.273899998858331, 1.23655471227084e-06, 0.03564282871745689, 0.07821159559166674, 9.999999997334313e-07], [0.1783708755969826, 0.2661447902883737, 0.00010884736257431859, 0.036661821116439654, 0.51871266563563, 9.999999997334385e-07], [0.6921354690352046, 0.2215438752588063, 0.012441370958566093, 0.023406819803049886, 0.050471464929656255, 1.0000147168178624e-06], [0.7047826882516236, 0.12621247499259222, 0.10138449618642306, 0.024806694627302776, 0.04281263827000395, 1.0076720544704512e-06], [0.9999950000250003, 9.999950000250002e-07, 9.999950000250002e-07, 9.999950000250002e-07, 9.999950000250002e-07, 9.999950000250002e-07], [0.724751157689826, 0.1159260172788088, 0.09109523679941851, 0.020169768537063287, 0.0480568120228981, 1.007671985244679e-06], [0.21105673385875914, 0.2431355217726816, 0.00887688279772649, 0.025560106446937285, 0.5113697551092476, 1.0000146478864274e-06], [0.6672718359325218, 0.2323932963195529, 0.0001760517515266253, 0.0301571512762151, 0.07000066472025282, 9.999999308022017e-07], [0.602819253536551, 0.22663255229705107, 1.4803828627779906e-06, 0.029949680815226892, 0.14059603296837755, 9.999999308021947e-07], [0.22699553896064326, 0.24863702675528057, 9.999998616061668e-07, 0.030740113412204666, 0.49362532087214844, 9.999998616061668e-07], [0.14729324642110625, 0.3351691116251277, 9.999998620634928e-07, 0.02966751966460415, 0.48786812228943793, 9.999998620634928e-07], [0.5810463989369766, 0.32203451224840995, 9.999998620652608e-07, 0.02959235442888399, 0.06732473438600538, 9.999998620652608e-07], [0.23298565994927414, 0.3093007887173062, 9.999998620652604e-07, 0.03171136898665053, 0.4260001823470449, 9.999998620652604e-07], [0.6668741253626466, 0.23333136278827296, 9.99999862065261e-07, 0.030196889183588375, 0.06959562266576806, 9.99999862065261e-07], [0.15343440789044652, 0.37787105241975905, 9.99999862065261e-07, 0.031115395457743878, 0.4375771442323266, 9.99999862065261e-07], [0.6201655367122874, 0.2888477400295966, 9.999998620652608e-07, 0.02940741306580713, 0.0615773101925847, 9.999998620652608e-07], [0.6987567118106717, 0.21316804259615868, 9.999998620652608e-07, 0.029396357382774546, 0.05867688821067102, 9.999998620652608e-07], [0.6025192281013152, 0.30277161869493074, 9.999998620652608e-07, 0.029967915622047904, 0.06473923758198201, 9.999998620652608e-07], [0.158894679075542, 0.30950730984204416, 2.6418964951025585e-05, 0.031678295563348814, 0.499892296554183, 9.999999310326294e-07], [0.6118868867455303, 0.30697588526554415, 0.007043948689157043, 0.022161783342114348, 0.05193049594300584, 1.0000146483795433e-06], [0.13750598934949576, 0.1268723938388405, 0.11738850774970888, 0.027024346155464788, 0.591207759070292, 1.00383619800629e-06], [0.10283959529838275, 0.14595848988499524, 0.13823103620799068, 0.026806004842357223, 0.5861638699152456, 1.00385102848906e-06], [0.6468252338376625, 0.14884371627156187, 0.1317613667370827, 0.025857386978329993, 0.04671129232433446, 1.00385102848906e-06], [0.6832894836254881, 0.13620426452159187, 0.10038217401503338, 0.02382569032439489, 0.056297383677293505, 1.0038361982728929e-06], [0.11708248892453384, 0.2023290899200288, 0.016598285682704897, 0.026370719189017577, 0.6376184162689977, 1.000014717082439e-06], [0.16194398255977926, 0.23982701155919253, 6.367680481143698e-05, 0.034390416073796684, 0.5637739130024202, 9.99999999998004e-07], [0.6118430966043634, 0.274059970480789, 9.99999999996e-07, 0.03565757653803611, 0.07843735637681144, 9.99999999996e-07], [0.5920240536151737, 0.3014929912555094, 9.999999999960003e-07, 0.03448292464980971, 0.07199803047950729, 9.999999999960003e-07], [0.3793897851240814, 0.4125374317287533, 9.99999999996e-07, 0.04179071637921011, 0.16628006676795523, 9.99999999996e-07], [0.5918577864608789, 0.30168995728495385, 9.999999999960003e-07, 0.03447344754452236, 0.07197680870964511, 9.999999999960003e-07], [0.6118521467181067, 0.273813372535541, 0.0005472062665186595, 0.03563292008819664, 0.07815335439163712, 9.999999999980041e-07], [0.6287321009927138, 0.15391514513535143, 0.1418326221316838, 0.027110976379048503, 0.048408151510174025, 1.0038510284890602e-06], [0.9999950000250003, 9.999950000250002e-07, 9.999950000250002e-07, 9.999950000250002e-07, 9.999950000250002e-07, 9.999950000250002e-07]], [[0.9999950000250003, 9.999950000250002e-07, 9.999950000250002e-07, 9.999950000250002e-07, 9.999950000250002e-07, 9.999950000250002e-07], [0.1253953460326441, 0.17593971654937843, 0.1805853403046554, 0.030203977107818292, 0.4878746161544755, 1.003851028223472e-06], [0.1464301734122138, 0.4103320059718794, 0.0006963779682452277, 0.02998107896310758, 0.4125593636846224, 9.999999315607526e-07], [0.5828606330708306, 0.3220741060009068, 9.999998625943987e-07, 0.029612445023165918, 0.0654508159053716, 9.999998625943987e-07], [0.6004152900308791, 0.30318544648423407, 9.999998625943987e-07, 0.02998782906965625, 0.06640943441550536, 9.999998625943987e-07], [0.15338881040153685, 0.37767506301935266, 9.999998625943987e-07, 0.03113232108069041, 0.4378018054986949, 9.999998625943987e-07], [0.5847851724617079, 0.3217677790001255, 9.999998625943987e-07, 0.029608656193828166, 0.0638363923446132, 9.999998625943987e-07], [0.6522046424673403, 0.25593700535344227, 9.999998625943987e-07, 0.029210757393148143, 0.06264559478634404, 9.999998625943987e-07], [0.22803886291918124, 0.24795994380135672, 1.1055984586360736e-06, 0.0305222255385566, 0.4934768621425155, 9.999999312971949e-07], [0.6790023537743095, 0.2264085333429508, 9.163217196084788e-05, 0.029900380194043483, 0.06459610051680406, 9.99999931297202e-07], [0.7526118145203314, 0.1764252837020273, 0.012126836063592663, 0.019022123225230714, 0.03981294247416942, 1.0000146483795431e-06], [0.6620025886289346, 0.18907405178593858, 0.08515058105820023, 0.02034749188297122, 0.04342427897197011, 1.0076719852446793e-06], [0.9999950000250003, 9.999950000250002e-07, 9.999950000250002e-07, 9.999950000250002e-07, 9.999950000250002e-07, 9.999950000250002e-07], [0.7214677450804776, 0.10489600661532089, 0.1092528968910193, 0.019510072890108116, 0.044872270851149004, 1.0076719249510233e-06], [0.1762535833236828, 0.3256551383162955, 0.03746477654125575, 0.025506410339704286, 0.43511909146447325, 1.0000145882788665e-06], [0.6391279185729445, 0.2111569014060757, 0.0010991802247834917, 0.02562919902588711, 0.12298580077043808, 9.999998711964547e-07], [0.565932488027441, 0.28697934560244753, 3.486015531305845e-05, 0.09254878045275815, 0.05450352576216886, 9.999998714259983e-07], [0.4718842404204894, 0.3497359836990479, 1.0479280206656419e-06, 0.035625362686611414, 0.1427523652659, 9.999999308030788e-07], [0.14561761964016953, 0.33517774519179483, 9.999998620652604e-07, 0.029670133039112277, 0.48953250212919913, 9.999998620652604e-07], [0.15026725204955307, 0.3244609237377253, 9.999998620652608e-07, 0.030501817648969077, 0.4947680065640285, 9.999998620652608e-07], [0.574532037883603, 0.3320014777941037, 9.999998620652608e-07, 0.02919329940812782, 0.06427118491444128, 9.999998620652608e-07], [0.14861828078184833, 0.3246155985546885, 9.99999862065261e-07, 0.030507018539199973, 0.4962571021245393, 9.99999862065261e-07], [0.2288028749127194, 0.3025113756046226, 9.999998620652608e-07, 0.031114531733149566, 0.43756921774978436, 9.999998620652608e-07], [0.6027683392824675, 0.3027648329581985, 9.999998620652604e-07, 0.029966465778208308, 0.0644983619814014, 9.999998620652604e-07], [0.5861570173313135, 0.3219060342454718, 9.999998620652604e-07, 0.0295833729677003, 0.06235157545578998, 9.999998620652604e-07], [0.5762038820328063, 0.3316915124290398, 1.0176491501700624e-06, 0.029193106932974368, 0.0629094809560984, 9.999999310326256e-07], [0.5839750675463926, 0.32178583590839227, 2.5075875708016477e-05, 0.029871683998555842, 0.06434133667102006, 9.999999312971983e-07], [0.17964520334285294, 0.2662428538441376, 0.0004530642920806968, 0.036705403659864806, 0.5169524748610643, 9.999999997334349e-07], [0.638524620227917, 0.24977746669704012, 0.0005333362368416725, 0.034719055614450475, 0.07644452122375076, 9.99999999998004e-07], [0.1800363230025204, 0.26621635065595584, 0.000508420960776347, 0.0367244648915061, 0.5165134404892414, 9.99999999998004e-07], [0.612138206714997, 0.27365785361486233, 0.0003875771105251257, 0.03562203543981526, 0.07819332711980036, 9.99999999998004e-07], [0.6208145715480017, 0.26707108569186533, 6.374473812886777e-05, 0.03536484887074306, 0.07668474915126121, 9.99999999998004e-07], [0.6421703849914168, 0.2501437168516984, 1.2368192816431874e-06, 0.03473774442093051, 0.07294591691667278, 9.999999999980003e-07], [0.6228526568813749, 0.2672537046198491, 9.99999999996e-07, 0.03539701665309904, 0.07449462184567705, 9.99999999996e-07], [0.6014540675619071, 0.2899335246136188, 9.99999999996e-07, 0.034952185191316085, 0.07365822263315797, 9.99999999996e-07], [0.5920305433907486, 0.3014922110900085, 9.999999999960003e-07, 0.03448294811151737, 0.07199229740772561, 9.999999999960003e-07], [0.5997484120214107, 0.28993097900312537, 9.99999999996e-07, 0.03495743305472028, 0.07536117592074361, 9.99999999996e-07], [0.17955294506701458, 0.2661803416539543, 0.0005107633169593412, 0.036718254773228216, 0.5170366951888437, 9.99999999998004e-07], [0.0960926823302893, 0.14234311052075208, 0.13236959882118146, 0.025332860302793747, 0.603860744173955, 1.00385102848906e-06], [0.9999950000250003, 9.999950000250002e-07, 9.999950000250002e-07, 9.999950000250002e-07, 9.999950000250002e-07, 9.999950000250002e-07]], [[0.9999950000250003, 9.999950000250002e-07, 9.999950000250002e-07, 9.999950000250002e-07, 9.999950000250002e-07, 9.999950000250002e-07], [0.5538301484961181, 0.17700327016437647, 0.1877766820202301, 0.02882926335899994, 0.05255963210924715, 1.0038510282224493e-06], [0.32059069979697274, 0.3496036490402387, 0.00072407220307474, 0.11100623611291363, 0.21807434284686897, 9.999999312971985e-07], [0.6535107172890087, 0.25577083885558316, 9.999998620652608e-07, 0.029478577970581482, 0.06123786588510244, 9.999998620652608e-07], [0.5970064953299888, 0.3079995263289513, 9.999998620652608e-07, 0.030184470544764887, 0.06480750779657098, 9.999998620652608e-07], [0.6702923796808345, 0.23326588414883564, 9.999998620652608e-07, 0.03018974955917022, 0.06624998661143544, 9.999998620652608e-07], [0.6541026051615847, 0.2557696748693041, 9.99999862065261e-07, 0.029186210788140227, 0.060939509181246944, 9.99999862065261e-07], [0.400502643242811, 0.4246288085662007, 9.999998620652608e-07, 0.03537662920219437, 0.1394899189890699, 9.999998620652608e-07], [0.6521453884874014, 0.2560690075800241, 9.999998620652608e-07, 0.02918971962449413, 0.06259388430835615, 9.999998620652608e-07], [0.5952519616493906, 0.30788456497950584, 1.1015658675319872e-06, 0.030180260227114664, 0.06668111157819037, 9.999999310326258e-07], [0.21817440045149347, 0.20322281674159567, 8.779873391704007e-05, 0.02905874224139553, 0.5494552418316672, 9.999999310326326e-07], [0.6699745869133608, 0.17935744878954435, 0.011456367864749566, 0.019320901056312515, 0.1198896953613848, 1.000014647886427e-06], [0.5306562433734161, 0.17024879682686594, 0.10312150429425945, 0.01748206575729647, 0.17849038207623708, 1.0076719249510237e-06], [0.9999950000250003, 9.999950000250002e-07, 9.999950000250002e-07, 9.999950000250002e-07, 9.999950000250002e-07, 9.999950000250002e-07], [0.41213400465280015, 0.296042768676857, 0.07106169331985411, 0.03017965097872579, 0.1905808746848944, 1.007686868487042e-06], [0.4468326801403699, 0.17424090041662982, 0.24827956027294432, 0.020899945105697804, 0.10974591022828935, 1.0038360687457888e-06], [0.5768809868881687, 0.2816321074229792, 0.009248621297850564, 0.021321333717811065, 0.11091595065860224, 1.0000145882788667e-06], [0.6524620749503097, 0.2556232358435953, 5.539424462518773e-05, 0.029127023821938894, 0.06273127113960014, 9.999999308022017e-07], [0.22587883967891617, 0.24822246334586556, 1.0176491501717239e-06, 0.030499383721663432, 0.49539729560447365, 9.999999310326258e-07], [0.6498251137202912, 0.2567181356050495, 9.99999862065261e-07, 0.029190959604486647, 0.06426379107044863, 9.99999862065261e-07], [0.32095261061265207, 0.5011664787591448, 9.999998620652608e-07, 0.03538036136895345, 0.14249854925952563, 9.999998620652608e-07], [0.22040614636899405, 0.2603785780944237, 9.999998620634928e-07, 0.029672382092686366, 0.4895408934441718, 9.999998620634928e-07], [0.5932539769973694, 0.3087037061682953, 9.999998616061662e-07, 0.03017445668268085, 0.0678658601519313, 9.999998616061662e-07], [0.5963605132649255, 0.3086898217076013, 9.999998616043984e-07, 0.0301681020