{"prediction": [[[0.95011876625803, 0.009976246748393995, 0.009976246748393995, 0.009976246748393995, 0.009976246748393995, 0.009976246748393995], [0.95011876625803, 0.009976246748393995, 0.009976246748393995, 0.009976246748393995, 0.009976246748393995, 0.009976246748393995], [0.95011876625803, 0.009976246748393995, 0.009976246748393995, 0.009976246748393995, 0.009976246748393995, 0.009976246748393995], [0.95011876625803, 0.009976246748393995, 0.009976246748393995, 0.009976246748393995, 0.009976246748393995, 0.009976246748393995], [0.95011876625803, 0.009976246748393995, 0.009976246748393995, 0.009976246748393995, 0.009976246748393995, 0.009976246748393995], [0.95011876625803, 0.009976246748393995, 0.009976246748393995, 0.009976246748393995, 0.009976246748393995, 0.009976246748393995], [0.95011876625803, 0.009976246748393995, 0.009976246748393995, 0.009976246748393995, 0.009976246748393995, 0.009976246748393995], [0.95011876625803, 0.009976246748393995, 0.009976246748393995, 0.009976246748393995, 0.009976246748393995, 0.009976246748393995], [0.95011876625803, 0.009976246748393995, 0.009976246748393995, 0.009976246748393995, 0.009976246748393995, 0.009976246748393995], [0.95011876625803, 0.009976246748393995, 0.009976246748393995, 0.009976246748393995, 0.009976246748393995, 0.009976246748393995], [0.95011876625803, 0.009976246748393995, 0.009976246748393995, 0.009976246748393995, 0.009976246748393995, 0.009976246748393995], [0.95011876625803, 0.009976246748393995, 0.009976246748393995, 0.009976246748393995, 0.009976246748393995, 0.009976246748393995], [0.95011876625803, 0.009976246748393995, 0.009976246748393995, 0.009976246748393995, 0.009976246748393995, 0.009976246748393995], [0.95011876625803, 0.009976246748393995, 0.009976246748393995, 0.009976246748393995, 0.009976246748393995, 0.009976246748393995], [0.95011876625803, 0.009976246748393995, 0.009976246748393995, 0.009976246748393995, 0.009976246748393995, 0.009976246748393995], [0.95011876625803, 0.009976246748393995, 0.009976246748393995, 0.009976246748393995, 0.009976246748393995, 0.009976246748393995], [0.95011876625803, 0.009976246748393995, 0.009976246748393995, 0.009976246748393995, 0.009976246748393995, 0.009976246748393995], [0.95011876625803, 0.009976246748393995, 0.009976246748393995, 0.009976246748393995, 0.009976246748393995, 0.009976246748393995], [0.95011876625803, 0.009976246748393995, 0.009976246748393995, 0.009976246748393995, 0.009976246748393995, 0.009976246748393995], [0.95011876625803, 0.009976246748393995, 0.009976246748393995, 0.009976246748393995, 0.009976246748393995, 0.009976246748393995], [0.95011876625803, 0.009976246748393995, 0.009976246748393995, 0.009976246748393995, 0.009976246748393995, 0.009976246748393995], [0.95011876625803, 0.009976246748393995, 0.009976246748393995, 0.009976246748393995, 0.009976246748393995, 0.009976246748393995], [0.95011876625803, 0.009976246748393995, 0.009976246748393995, 0.009976246748393995, 0.009976246748393995, 0.009976246748393995], [0.95011876625803, 0.009976246748393995, 0.009976246748393995, 0.009976246748393995, 0.009976246748393995, 0.009976246748393995], [0.95011876625803, 0.009976246748393995, 0.009976246748393995, 0.009976246748393995, 0.009976246748393995, 0.009976246748393995], [0.95011876625803, 0.009976246748393995, 0.009976246748393995, 0.009976246748393995, 0.009976246748393995, 0.009976246748393995], [0.95011876625803, 0.009976246748393995, 0.009976246748393995, 0.009976246748393995, 0.009976246748393995, 0.009976246748393995], [0.95011876625803, 0.009976246748393995, 0.009976246748393995, 0.009976246748393995, 0.009976246748393995, 0.009976246748393995], [0.95011876625803, 0.009976246748393995, 0.009976246748393995, 0.009976246748393995, 0.009976246748393995, 0.009976246748393995], [0.95011876625803, 0.009976246748393995, 0.009976246748393995, 0.009976246748393995, 0.009976246748393995, 0.009976246748393995], [0.95011876625803, 0.009976246748393995, 0.009976246748393995, 0.009976246748393995, 0.009976246748393995, 0.009976246748393995], [0.95011876625803, 0.009976246748393995, 0.009976246748393995, 0.009976246748393995, 0.009976246748393995, 0.009976246748393995], [0.95011876625803, 0.009976246748393995, 0.009976246748393995, 0.009976246748393995, 0.009976246748393995, 0.009976246748393995], [0.95011876625803, 0.009976246748393995, 0.009976246748393995, 0.009976246748393995, 0.009976246748393995, 0.009976246748393995], [0.95011876625803, 0.009976246748393995, 0.009976246748393995, 0.009976246748393995, 0.009976246748393995, 0.009976246748393995], [0.95011876625803, 0.009976246748393995, 0.009976246748393995, 0.009976246748393995, 0.009976246748393995, 0.009976246748393995], [0.95011876625803, 0.009976246748393995, 0.009976246748393995, 0.009976246748393995, 0.009976246748393995, 0.009976246748393995], [0.95011876625803, 0.009976246748393995, 0.009976246748393995, 0.009976246748393995, 0.009976246748393995, 0.009976246748393995], [0.95011876625803, 0.009976246748393995, 0.009976246748393995, 0.009976246748393995, 0.009976246748393995, 0.009976246748393995], [0.95011876625803, 0.009976246748393995, 0.009976246748393995, 0.009976246748393995, 0.009976246748393995, 0.009976246748393995]], [[0.95011876625803, 0.009976246748393995, 0.009976246748393995, 0.009976246748393995, 0.009976246748393995, 0.009976246748393995], [0.8718864954878355, 0.05090298406820318, 0.04419843678292762, 0.009997506217424871, 0.013017071226183993, 0.009997506217424871], [0.04100248700882585, 0.05704196460474401, 0.0669297621251497, 0.009997472712777282, 0.8150308408357259, 0.009997472712777282], [0.8322901417747943, 0.05632720839077333, 0.07319348414797697, 0.011005197289742513, 0.01718506668230284, 0.009998901714410133], [0.8361902839883224, 0.05189730565132087, 0.06741880518683961, 0.009997845047304119, 0.02449791507890889, 0.009997845047304119], [0.7937718057211558, 0.06762957161730754, 0.08133301176180419, 0.013463431566605061, 0.03380325210609414, 0.009998927227033133], [0.7845564016744871, 0.0853582284033965, 0.08348954558788743, 0.013343257769944921, 0.023253631016723862, 0.009998935547560104], [0.7234960896914108, 0.11335752051796566, 0.10199859749916516, 0.015014181160884614, 0.036134601836831814, 0.00999900929374202], [0.6827136761689976, 0.09605080495946329, 0.1646097801840025, 0.014212286247194894, 0.03241444308141998, 0.009999009358921685], [0.7201261799723867, 0.09282667232535179, 0.1378716122030506, 0.015958581664212684, 0.023217943777722867, 0.009999010057275281], [0.7391924143354058, 0.08350045248316246, 0.11718966414769671, 0.016412093756070577, 0.033706448842085485, 0.009998926435578846], [0.7885711337164915, 0.07794782534844585, 0.07659985286121448, 0.01491975129644002, 0.03196250108086816, 0.009998935696539996], [0.8000642262613614, 0.0702598378704675, 0.07166061225884296, 0.01465334934082638, 0.033363047320805396, 0.009998926947696312], [0.8544075492302743, 0.05557603430728437, 0.04863788249961328, 0.012247042772196945, 0.019133023150431392, 0.009998468040199692], [0.8766169520879014, 0.04112916188532498, 0.05083481999162119, 0.009996881752498165, 0.011425302530156002, 0.009996881752498165], [0.04493114664750346, 0.05058717161829352, 0.07414134199966829, 0.010821480448397239, 0.8095201612349439, 0.00999869805119364], [0.03022901486399511, 0.06240208745465975, 0.07057482313845959, 0.009997475329128796, 0.8167991238846278, 0.009997475329128796], [0.897632667467406, 0.03839463078900988, 0.034253961848905334, 0.009906246631559637, 0.009906246631559637, 0.009906246631559637], [0.9512761020432633, 0.009744779591347364, 0.009744779591347364, 0.009744779591347364, 0.009744779591347364, 0.009744779591347364], [0.8953453782028014, 0.036981386165400705, 0.03801125762102746, 0.009887326003590132, 0.009887326003590132, 0.009887326003590132], [0.02460461315879835, 0.18859005039649188, 0.1844350264251358, 0.009895050271515628, 0.5825802094765428, 0.009895050271515628], [0.8825647182762132, 0.030893504686275147, 0.056878370393381936, 0.009887802214709886, 0.009887802214709886, 0.009887802214709886], [0.17850458075354553, 0.04071149251875595, 0.05748581378601276, 0.009902780488505404, 0.703492551964675, 0.009902780488505404], [0.5581130446178278, 0.19121514829526676, 0.06825679291402956, 0.011436276070521926, 0.16103597566373995, 0.009942762438614009], [0.7025635990532593, 0.05425924717639952, 0.060633466399880945, 0.009935005278844451, 0.1626736768127715, 0.009935005278844451], [0.8320284483273542, 0.03948386702155306, 0.09229601406097819, 0.009902619337099884, 0.01638643191591476, 0.009902619337099884], [0.041798406498588604, 0.04581887850092879, 0.06811113534718595, 0.00990943502308117, 0.8244527096071343, 0.00990943502308117], [0.8513879573200493, 0.039732689603848, 0.06776842520963294, 0.009906279393214274, 0.02129836908004117, 0.009906279393214274], [0.8615694614351241, 0.03341379198517695, 0.06786313188375752, 0.009904004854244582, 0.017345604987452166, 0.009904004854244582], [0.8649033574205767, 0.043804570124070505, 0.04855771948227093, 0.00993153967635643, 0.02287127362036903, 0.00993153967635643], [0.7407526212871793, 0.03928830665766353, 0.17799762951391068, 0.009921309494377455, 0.02211882355249144, 0.009921309494377455], [0.8906091858768324, 0.028769345866556887, 0.03363646801993581, 0.009904410521092493, 0.027176179194490082, 0.009904410521092493], [0.683691917002611, 0.03620265330192957, 0.05136681113705876, 0.009943256650801202, 0.20885210525679845, 0.009943256650801202], [0.8004484540821682, 0.07657109543043181, 0.08006798776231064, 0.015329714248860657, 0.01758380085576876, 0.009998947620460092], [0.023734870929761828, 0.04307859509069242, 0.0649597132617389, 0.01026429564329551, 0.8479640112567158, 0.009998513817795481], [0.010135900152676524, 0.030720317013803594, 0.03150901247289815, 0.009996577082283511, 0.9076416161960548, 0.009996577082283511], [0.9301165896159079, 0.02798798274456193, 0.011915504252469124, 0.009993307795686962, 0.009993307795686962, 0.009993307795686962], [0.934984583021334, 0.023139324254962703, 0.011897716160016822, 0.009992792187895465, 0.009992792187895465, 0.009992792187895465], [0.010514027357966969, 0.015749305539696556, 0.01216178423588186, 0.009994537709839326, 0.9415858074467759, 0.009994537709839326], [0.95011876625803, 0.009976246748393995, 0.009976246748393995, 0.009976246748393995, 0.009976246748393995, 0.009976246748393995]], [[0.95011876625803, 0.009976246748393995, 0.009976246748393995, 0.009976246748393995, 0.009976246748393995, 0.009976246748393995], [0.8660710023469168, 0.055697559934179665, 0.04239461028284193, 0.010974851202621629, 0.014863049434723217, 0.00999892679871668], [0.7700701920494942, 0.163260260334771, 0.009996082634879368, 0.012945858746634219, 0.033731523599341874, 0.009996082634879368], [0.8051794797634274, 0.12802927523529792, 0.009996079559270276, 0.011817856572214907, 0.034981229310519266, 0.009996079559270276], [0.07585393995199918, 0.13700421001663146, 0.00999608012227876, 0.014051597701423791, 0.7530980920853881, 0.00999608012227876], [0.7865141425875767, 0.15339366131549267, 0.009996079777959514, 0.011263527977034773, 0.02883650856397688, 0.009996079777959514], [0.7234851559279585, 0.19515011622006245, 0.009996079340581051, 0.016154549163234236, 0.04521802000758281, 0.009996079340581051], [0.6628548416350912, 0.26215787260821233, 0.009996079601146938, 0.01485330180886464, 0.040141824745537846, 0.009996079601146938], [0.10572133621497384, 0.25438636629333233, 0.009996080150196535, 0.02236186482164408, 0.5975382723696566, 0.009996080150196535], [0.08403539620765216, 0.2823916565764982, 0.009996080178114316, 0.028954896156898776, 0.5846258907027223, 0.009996080178114316], [0.7197382774058889, 0.1997470497229776, 0.00999607925682773, 0.01847807495907424, 0.04204443939840365, 0.00999607925682773], [0.7716919238940365, 0.16719540054070925, 0.009996079968730984, 0.012101230037763522, 0.02901928559002864, 0.009996079968730984], [0.7845262051987546, 0.1543915865668844, 0.009996079675594337, 0.011556780394423103, 0.029533268488749202, 0.009996079675594337], [0.05561221759676301, 0.15110053799214007, 0.009996079647676565, 0.013705112354601975, 0.7595899727611419, 0.009996079647676565], [0.8250685865617371, 0.11309372100426304, 0.009995106091201753, 0.0131860583752461, 0.02866142187635026, 0.009995106091201753], [0.8071859323564693, 0.1385170586439375, 0.009996079847753954, 0.011794773822508616, 0.022510075481576675, 0.009996079847753954], [0.8162520735160647, 0.1368506156907997, 0.009996057052941851, 0.011032241887955718, 0.015872954799296176, 0.009996057052941851], [0.8668300033979628, 0.047742379612409534, 0.04998555777528934, 0.009938256722897856, 0.015565545768542773, 0.009938256722897856], [0.9512761020432633, 0.009744779591347364, 0.009744779591347364, 0.009744779591347364, 0.009744779591347364, 0.009744779591347364], [0.8647249281380879, 0.03807776885096201, 0.059271050989692944, 0.011184671029991112, 0.01679182226143854, 0.009949758729827719], [0.87227131938853, 0.08003923186422982, 0.009858229879441464, 0.009858229879441464, 0.018114759108915784, 0.009858229879441464], [0.7027526457363208, 0.24178322040224073, 0.009867958896573692, 0.009867958896573692, 0.025860257171717353, 0.009867958896573692], [0.7070330377559116, 0.24029914706794497, 0.009869018809543816, 0.009869018809543816, 0.023060758747511945, 0.009869018809543816], [0.6905585009115255, 0.11133634542497914, 0.0098589609317972, 0.0098589609317972, 0.16852827086810385, 0.0098589609317972], [0.33336525549228285, 0.14315196594317253, 0.009878641888691503, 0.009878641888691503, 0.49384685289847025, 0.009878641888691503], [0.05438967248874664, 0.11880346460337493, 0.009885363508138352, 0.010397023184381318, 0.7966391127072203, 0.009885363508138352], [0.17557443625364733, 0.3965972403628472, 0.009880429604317516, 0.009880429604317516, 0.398187034570553, 0.009880429604317516], [0.5559930051682276, 0.25648322719633043, 0.009885363019245133, 0.148565451893918, 0.019187589703033803, 0.009885363019245133], [0.5448126717416213, 0.39602378741639194, 0.009869431050471505, 0.009869431050471505, 0.029555247690572342, 0.009869431050471505], [0.057047395985241584, 0.23464678535588532, 0.009882883465798914, 0.009882883465798914, 0.6786571682614764, 0.009882883465798914], [0.4455464171798995, 0.36938072293729196, 0.009873222182041515, 0.009873222182041515, 0.15545319333668395, 0.009873222182041515], [0.8757495857750724, 0.0779829764779411, 0.00984673818660708, 0.00984673818660708, 0.016727223187165206, 0.00984673818660708], [0.03167504384451218, 0.1097534554400187, 0.009909946185599653, 0.009909946185599653, 0.8288416621586702, 0.009909946185599653], [0.04305033790203362, 0.17707672870762106, 0.00999607984310099, 0.012162926370264232, 0.7477178473338791, 0.00999607984310099], [0.7984086546095486, 0.14764153685186013, 0.009996080019913575, 0.011758021113450468, 0.022199627385313697, 0.009996080019913575], [0.01649427995585809, 0.07897508984074687, 0.009993306061513526, 0.009993306061513526, 0.8745507120188544, 0.009993306061513526], [0.8940394136694556, 0.06600395584576707, 0.009989157621194336, 0.009989157621194336, 0.009989157621194336, 0.009989157621194336], [0.9333194464241564, 0.026733645753808932, 0.009986726955508682, 0.009986726955508682, 0.009986726955508682, 0.009986726955508682], [0.009994388927159993, 0.021081452671491887, 0.033297228412671326, 0.009994388927159993, 0.9156381521343568, 0.009994388927159993], [0.95011876625803, 0.009976246748393995, 0.009976246748393995, 0.009976246748393995, 0.009976246748393995, 0.009976246748393995]], [[0.95011876625803, 0.009976246748393995, 0.009976246748393995, 0.009976246748393995, 0.009976246748393995, 0.009976246748393995], [0.7960067813072592, 0.07648028123601142, 0.0780419069452096, 0.011784766657432128, 0.027687253759566908, 0.009999010094520809], [0.766935919553631, 0.15388818686183656, 0.009996081490250046, 0.012338504227017424, 0.046845226377014985, 0.009996081490250046], [0.860235279929028, 0.0839674549192676, 0.009901344717337019, 0.009901344717337019, 0.026093230999693247, 0.009901344717337019], [0.8540267973693484, 0.0862041995114413, 0.009902283533850354, 0.009902283533850354, 0.030062152517659268, 0.009902283533850354], [0.6259210185244538, 0.10735844918577031, 0.009918320012041444, 0.011915297385719961, 0.234968594879973, 0.009918320012041444], [0.2708754588602391, 0.1208297845002968, 0.009918319771724509, 0.010561785452109585, 0.5778963316439055, 0.009918319771724509], [0.7747605937500113, 0.15840612051457545, 0.009918320956559541, 0.011741415452235757, 0.035255228370058414, 0.009918320956559541], [0.6292601651169614, 0.22794709926790352, 0.009918319875844605, 0.01723358450416107, 0.10572251135928482, 0.009918319875844605], [0.7897675259121961, 0.1474578608214337, 0.009918323468506449, 0.012956583400777226, 0.029981382928580127, 0.009918323468506449], [0.8060227906358014, 0.1325803316410245, 0.009918319736090862, 0.011262612089476832, 0.03029762616151551, 0.009918319736090862], [0.07092350015409542, 0.11655043442342984, 0.009918319757755601, 0.012562933656028867, 0.7801264922509347, 0.009918319757755601], [0.8560391579597865, 0.09721919697466062, 0.009917213917771771, 0.009917213917771771, 0.016990003312237517, 0.009917213917771771], [0.8614917633546467, 0.0752446759978222, 0.009887607971397669, 0.009887607971397669, 0.033600736733338056, 0.009887607971397669], [0.8590386058798851, 0.08567416559969537, 0.009918319797140161, 0.011792252120618664, 0.02365833680552071, 0.009918319797140161], [0.7836547529143755, 0.14041807514692364, 0.00999607934058105, 0.014395232679375806, 0.041539780578162856, 0.00999607934058105], [0.7847469568454765, 0.15540865628646147, 0.009993814876468183, 0.009993814876468183, 0.02986294223865754, 0.009993814876468183], [0.873585385451532, 0.033212230181914576, 0.06348560310826468, 0.009905593752762967, 0.009905593752762967, 0.009905593752762967], [0.9512761020432633, 0.009744779591347364, 0.009744779591347364, 0.009744779591347364, 0.009744779591347364, 0.009744779591347364], [0.644833792464502, 0.05440121376943816, 0.08218037593731121, 0.012043874367674305, 0.1965909848167016, 0.009949758644372676], [0.8407875892421163, 0.09745676129300937, 0.009885425326316408, 0.010390003440289716, 0.03159479537195183, 0.009885425326316408], [0.1901025748085167, 0.1102945116251477, 0.009877332356808509, 0.009877332356808509, 0.66997091649591, 0.009877332356808509], [0.855480349571781, 0.09325287496448392, 0.009864162068082202, 0.009864162068082202, 0.02167428925948857, 0.009864162068082202], [0.051722588580610754, 0.2648271129374152, 0.009873653760960131, 0.009873653760960131, 0.6538293371990935, 0.009873653760960131], [0.8370395637057366, 0.10876773576929397, 0.00988536305303763, 0.0103180453565354, 0.02410392906235874, 0.00988536305303763], [0.6811076457928522, 0.1253009038206895, 0.009885363135929219, 0.012172771760086045, 0.1616479523545137, 0.009885363135929219], [0.684544880047121, 0.11239257781228858, 0.009885367216989557, 0.1516173646709552, 0.03167444303565607, 0.009885367216989557], [0.347848115626993, 0.09799160327658597, 0.009872349610944905, 0.009872349610944905, 0.5245432322635863, 0.009872349610944905], [0.6016462003976111, 0.14011101490843514, 0.0098853698790286, 0.014148174247622278, 0.22432387068827425, 0.0098853698790286], [0.06836504357405221, 0.3742224318435969, 0.009881700986317191, 0.009881700986317191, 0.5277674216233994, 0.009881700986317191], [0.72954763781094, 0.07919755192276168, 0.009872287442971963, 0.009872287442971963, 0.16163794793738234, 0.009872287442971963], [0.8736491805066422, 0.07994346696009644, 0.009874310059423809, 0.009874310059423809, 0.01678442235498995, 0.009874310059423809], [0.6273177171995851, 0.3194851065871962, 0.009916072999821739, 0.009916072999821739, 0.023448957213753473, 0.009916072999821739], [0.07536677359440896, 0.18532087437220138, 0.009996079991995798, 0.016506686338901455, 0.7028135057104966, 0.009996079991995798], [0.7883249784419156, 0.15360023187435914, 0.009996085417353364, 0.017104262315852537, 0.020978356533165907, 0.009996085417353364], [0.05418155297712116, 0.1514768308293729, 0.009996080001301724, 0.01411782800677244, 0.76023162818413, 0.009996080001301724], [0.8953039833945695, 0.06472758195902131, 0.009992108661602307, 0.009992108661602307, 0.009992108661602307, 0.009992108661602307], [0.020452148487532785, 0.061677226275064646, 0.009992896254025269, 0.009992896254025269, 0.8878919364753267, 0.009992896254025269], [0.9366278354594064, 0.020959838165676394, 0.012432249064060296, 0.00999335910361894, 0.00999335910361894, 0.00999335910361894], [0.95011876625803, 0.009976246748393995, 0.009976246748393995, 0.009976246748393995, 0.009976246748393995, 0.009976246748393995]], [[0.95011876625803, 0.009976246748393995, 0.009976246748393995, 0.009976246748393995, 0.009976246748393995, 0.009976246748393995], [0.09129766406838703, 0.07941365697757496, 0.15869105305129355, 0.01675827563352457, 0.6438403403236811, 0.009999009945538699], [0.7023998250267963, 0.1625151090821288, 0.009995799156357496, 0.01406814143580217, 0.1010253261425578, 0.009995799156357496], [0.8286596732117436, 0.11066411208241472, 0.009918319742687292, 0.010378442074847678, 0.03046113314561937, 0.009918319742687292], [0.08279660757688402, 0.10998727272056438, 0.009918319806064734, 0.010182709993885018, 0.7771967700965371, 0.009918319806064734], [0.8304895976674277, 0.10476286349729434, 0.00991831976810294, 0.013055160979171226, 0.03185573831990077, 0.00991831976810294], [0.06067944765347656, 0.12828881675369436, 0.009918319773276608, 0.01073274537923597, 0.7804623506670398, 0.009918319773276608], [0.06687223195096834, 0.14604748801721626, 0.009918319753293312, 0.014187517612719833, 0.753056122912509, 0.009918319753293312], [0.7701248546137387, 0.1590411578998948, 0.009918319726196221, 0.013758173794577238, 0.03723917423939687, 0.009918319726196221], [0.5979201675924929, 0.14745366590169887, 0.009918319758272967, 0.010753746694786783, 0.22403578029447532, 0.009918319758272967], [0.8004910197771268, 0.12077984771155538, 0.00991831979888627, 0.01406247589087375, 0.044830017022671614, 0.00991831979888627], [0.8483760172306224, 0.09744011402972462, 0.009918319773664636, 0.010776885492327765, 0.023570343699995975, 0.009918319773664636], [0.06155940642522642, 0.08550942745042348, 0.009918319778256269, 0.011699767132953906, 0.8213947594348838, 0.009918319778256269], [0.05004142231000179, 0.0868414278096789, 0.009918319969876044, 0.013582125699303452, 0.8296983842412637, 0.009918319969876044], [0.11782085376875351, 0.07289069153036873, 0.009904459550605873, 0.009904459550605873, 0.7795750760490601, 0.009904459550605873], [0.7833574539302205, 0.15673727862576523, 0.009996080150196538, 0.014040479745950357, 0.02587262739767097, 0.009996080150196538], [0.7301382617447226, 0.1889912705357081, 0.00999608025256172, 0.015342702176291299, 0.04553560503815448, 0.00999608025256172], [0.8550124915444571, 0.05968251146894141, 0.03750403219125766, 0.009946321584031524, 0.02790832162728074, 0.009946321584031524], [0.9512761020432633, 0.009744779591347364, 0.009744779591347364, 0.009744779591347364, 0.009744779591347364, 0.009744779591347364], [0.20262861136038254, 0.0877679024765837, 0.09394681723733461, 0.00993875629746902, 0.5957791563307612, 0.00993875629746902], [0.3364401820164397, 0.2422387201000608, 0.009866811517219281, 0.009866811517219281, 0.39172066333184163, 0.009866811517219281], [0.6973756274329527, 0.2526005346217281, 0.0098483868424575, 0.0098483868424575, 0.020478677417946678, 0.0098483868424575], [0.045428456781551614, 0.24844988215839162, 0.00987722688732028, 0.00987722688732028, 0.6764899803980959, 0.00987722688732028], [0.451032139958781, 0.30166899793184915, 0.009885363027635896, 0.010316544162182705, 0.21721159189191522, 0.009885363027635896], [0.8194084881417364, 0.1274889000091613, 0.009885363119246015, 0.010131384705841955, 0.023200500904768374, 0.009885363119246015], [0.6844980820274641, 0.12013875610271574, 0.009885363192566885, 0.14851188031438342, 0.027080555170302934, 0.009885363192566885], [0.4528416104052517, 0.13624316542035533, 0.009885363234225723, 0.010961599785182989, 0.3801828979207585, 0.009885363234225723], [0.044511162394118974, 0.24334295507316714, 0.009874407536452821, 0.009874407536452821, 0.6825226599233554, 0.009874407536452821], [0.7177004471399632, 0.22371607357139459, 0.00987140375763007, 0.00987140375763007, 0.028969268015752024, 0.00987140375763007], [0.3474743237775816, 0.08886827668059198, 0.009885363033928972, 0.011056635531237508, 0.532830037942731, 0.009885363033928972], [0.34266257273694034, 0.4049948842969449, 0.009885364128530685, 0.013254544401164166, 0.21931727030788928, 0.009885364128530685], [0.7098416096424708, 0.09727590043800317, 0.009869390455162797, 0.009869390455162797, 0.16327431855403757, 0.009869390455162797], [0.8182905719114177, 0.12563183717844448, 0.009918321633016987, 0.011787270009300316, 0.02445367763480366, 0.009918321633016987], [0.7261377738159472, 0.2047999760119103, 0.009996080159502464, 0.013684178392673467, 0.03538591146046414, 0.009996080159502464], [0.780806549691083, 0.16319194523021097, 0.009996079880324695, 0.0120162966452935, 0.02399304867276331, 0.009996079880324695], [0.04386826222447562, 0.15017301393205065, 0.009996079522046578, 0.012256556183674055, 0.7737100086157065, 0.009996079522046578], [0.8069340283431028, 0.14366312687647587, 0.009996082327783668, 0.010496722287416015, 0.01891395783743793, 0.009996082327783668], [0.8866136251178098, 0.0690433425371033, 0.00999223272388913, 0.00999223272388913, 0.014366334173419407, 0.00999223272388913], [0.8890258948447419, 0.04719113172951292, 0.03125292065092432, 0.009996889163483902, 0.012536274447852993, 0.009996889163483902], [0.95011876625803, 0.009976246748393995, 0.009976246748393995, 0.009976246748393995, 0.009976246748393995, 0.009976246748393995]], [[0.95011876625803, 0.009976246748393995, 0.009976246748393995, 0.009976246748393995, 0.009976246748393995, 0.009976246748393995], [0.6784977792301304, 0.1019463740057295, 0.1437233819423336, 0.013294233660233676, 0.05253922132777058, 0.009999009833802119], [0.44267495394451145, 0.3103447355491135, 0.009996079731429889, 0.0293129205275503, 0.19767523051596486, 0.009996079731429889], [0.07384479439721112, 0.13448320264355698, 0.00991801489948545, 0.00991801489948545, 0.7619179582607756, 0.00991801489948545], [0.832684234318058, 0.11486041717925166, 0.009918319727036945, 0.010794115821193304, 0.02182459322742323, 0.009918319727036945], [0.8216369713294406, 0.11553478871472, 0.00991831975827297, 0.013669534321321576, 0.029322066117972, 0.00991831975827297], [0.8447602909128377, 0.08877764498473527, 0.009918319719729136, 0.010217038076984437, 0.03640838658598421, 0.009918319719729136], [0.8125217310242084, 0.1192546846619627, 0.009918319776510155, 0.011869893247644576, 0.03651705151316405, 0.009918319776510155], [0.27196505355266964, 0.11862442058927676, 0.009918320809045277, 0.011601831557536397, 0.5779720526824268, 0.009918320809045277], [0.05445787870224832, 0.11787323507205896, 0.009918319834390574, 0.010991035638678138, 0.7968412109182333, 0.009918319834390574], [0.06386295033173443, 0.117264916726854, 0.009909706337362446, 0.009909706337362446, 0.7891430139293243, 0.009909706337362446], [0.8377618781838713, 0.0888845536212649, 0.009918319819451607, 0.013205450902631543, 0.040311477653329104, 0.009918319819451607], [0.07832022018512783, 0.09213735559189645, 0.009918320182513854, 0.011571738718080789, 0.7981340451398672, 0.009918320182513854], [0.07322191458130586, 0.07854485574143451, 0.009918319759049018, 0.01146484289099201, 0.8169317472681696, 0.009918319759049018], [0.25811915231202, 0.09506441300258352, 0.009918319767391562, 0.010239167896331594, 0.6167406272542819, 0.009918319767391562], [0.7120045128524443, 0.20166382018407564, 0.009996081815957547, 0.024816186647364815, 0.041523316684200166, 0.009996081815957547], [0.10995017692600642, 0.20097415496759516, 0.00999607975004174, 0.016397189973698312, 0.6526863186326167, 0.00999607975004174], [0.06570984379653132, 0.12869397081085165, 0.025051496694692966, 0.009948744996271321, 0.7606471987053816, 0.009948744996271321], [0.5640860665634935, 0.08397481794195549, 0.06149857914450316, 0.0137144676009412, 0.2667763101011169, 0.009949758647989882], [0.9512761020432633, 0.009744779591347364, 0.009744779591347364, 0.009744779591347364, 0.009744779591347364, 0.009744779591347364], [0.8349026491532857, 0.03992652684979253, 0.07251254886903548, 0.009906021941835371, 0.03284623124421555, 0.009906021941835371], [0.8280603372930553, 0.10784778681612751, 0.009870796148604628, 0.009870796148604628, 0.03447948744500331, 0.009870796148604628], [0.18409853292265682, 0.09888871525639958, 0.009873303451410577, 0.009873303451410577, 0.6873928414667119, 0.009873303451410577], [0.8396175486121414, 0.11027507326154695, 0.009874012830822518, 0.009874012830822518, 0.02048533963384395, 0.009874012830822518], [0.8263675213395448, 0.10779553179896528, 0.009867132536606055, 0.009867132536606055, 0.0362355492516718, 0.009867132536606055], [0.8379625192161052, 0.10804905865425857, 0.009878321530614655, 0.009878321530614655, 0.0243534575377922, 0.009878321530614655], [0.8376798720666141, 0.10300484256990025, 0.009880846085821935, 0.009880846085821935, 0.029672747106019772, 0.009880846085821935], [0.7044699267006972, 0.10137175404681965, 0.009885364990747669, 0.010539974555630268, 0.16384761471535753, 0.009885364990747669], [0.8611548176253178, 0.08116928591087506, 0.009885364133906038, 0.01061474806790212, 0.027290420128092928, 0.009885364133906038], [0.5952287822356753, 0.21647196842934188, 0.009846968143254652, 0.009846968143254652, 0.1587583449052187, 0.009846968143254652], [0.8495528047159779, 0.09723889864135742, 0.009864260338036956, 0.009864260338036956, 0.023615515628553903, 0.009864260338036956], [0.040027496487300654, 0.235079634986938, 0.009850226217234446, 0.009850226217234446, 0.695342189874058, 0.009850226217234446], [0.8248030662175937, 0.11768024861340391, 0.00990358024267841, 0.00990358024267841, 0.02780594444096713, 0.00990358024267841], [0.7435600878290911, 0.18789022088225696, 0.009996080196726168, 0.014717260135543083, 0.03384027075965663, 0.009996080196726168], [0.7828573046355976, 0.14999826264447866, 0.009996080066443203, 0.014866290081204893, 0.0322859825058325, 0.009996080066443203], [0.7936546413838343, 0.152494695812354, 0.009996079731429889, 0.010975277318116528, 0.022883226022835258, 0.009996079731429889], [0.05134160564370465, 0.14931543784272594, 0.009996079991995798, 0.013772225849731798, 0.765578570679846, 0.009996079991995798], [0.846487652445126, 0.10629512603555384, 0.009995106263327834, 0.010169451125546975, 0.017057557867117466, 0.009995106263327834], [0.8864272712448286, 0.03553867209316597, 0.048049884302018966, 0.009994724119995507, 0.009994724119995507, 0.009994724119995507], [0.95011876625803, 0.009976246748393995, 0.009976246748393995, 0.009976246748393995, 0.009976246748393995, 0.009976246748393995]], [[0.95011876625803, 0.009976246748393995, 0.009976246748393995, 0.009976246748393995, 0.009976246748393995, 0.009976246748393995], [0.6998880752888652, 0.10202293882521232, 0.1335788784165968, 0.015612724952528852, 0.03889837245486599, 0.009999010061930973], [0.1281055767665646, 0.2105938250123803, 0.009996088888468584, 0.02208514862928765, 0.6192232718148303, 0.009996088888468584], [0.8021699637955229, 0.13435499512427737, 0.009918319754134035, 0.010458219505946546, 0.03318018206598528, 0.009918319754134035], [0.04918091640475606, 0.10258592276935707, 0.009918319918656715, 0.01414052000612996, 0.8142560009824436, 0.009918319918656715], [0.8617935710066387, 0.0876314930882168, 0.009914971635775536, 0.009914971635775536, 0.020830020997818024, 0.009914971635775536], [0.8556562976519324, 0.08413626972482109, 0.009918317602095876, 0.011754469989050968, 0.028616327430003904, 0.009918317602095876], [0.8351829448885697, 0.10047849191514248, 0.009917867416969803, 0.009917867416969803, 0.034584960945378405, 0.009917867416969803], [0.8172101404469095, 0.11056992119475455, 0.009918320064812868, 0.01041932493961262, 0.041963973289097706, 0.009918320064812868], [0.7910215150195218, 0.14153594655007629, 0.009918319725355503, 0.011323659242799789, 0.03628223973689127, 0.009918319725355503], [0.06573846945117978, 0.12392063975487233, 0.009918319718565058, 0.01051240926698192, 0.7799918420898359, 0.009918319718565058], [0.8492992353179981, 0.09200159089062838, 0.009908534049087736, 0.009908534049087736, 0.028973571644110244, 0.009908534049087736], [0.25768594082617974, 0.07068020536191949, 0.009917752250359518, 0.009917752250359518, 0.6418805970608222, 0.009917752250359518], [0.8504361336476371, 0.09342796435025147, 0.009918319933595683, 0.011298071360860425, 0.025001190774059573, 0.009918319933595683], [0.8487117459753135, 0.09077886402210825, 0.009918319724320765, 0.011233489009943696, 0.029439261543992967, 0.009918319724320765], [0.7215394313447054, 0.19414087335818048, 0.009996081834569405, 0.02368787150589145, 0.040639660122083796, 0.009996081834569405], [0.10586556966748502, 0.21166219159014682, 0.009996079954772098, 0.017875679278887148, 0.6446043995539369, 0.009996079954772098], [0.04701258922399775, 0.10662932937499124, 0.0098756060874347, 0.0098756060874347, 0.816731263138707, 0.0098756060874347], [0.8103649866156143, 0.09922048048000741, 0.009911748470515446, 0.009911748470515446, 0.060679287492831954, 0.009911748470515446], [0.896245916503709, 0.017050675902990736, 0.04547156683352015, 0.009899774725623605, 0.021432291308532875, 0.009899774725623605], [0.9514370663620111, 0.009712586727597781, 0.009712586727597781, 0.009712586727597781, 0.009712586727597781, 0.009712586727597781], [0.724694106443118, 0.035289536322113, 0.05562741738578207, 0.009910306995841098, 0.16456832585730474, 0.009910306995841098], [0.7332764703305225, 0.21786338737238317, 0.009856490347369549, 0.009856490347369549, 0.019290671254985677, 0.009856490347369549], [0.860620761794014, 0.08373915669781214, 0.009857914560998052, 0.009857914560998052, 0.026066337825179666, 0.009857914560998052], [0.86434358223366, 0.08152315150099836, 0.00985045664503687, 0.00985045664503687, 0.02458189633023093, 0.00985045664503687], [0.8475545391403966, 0.10391530364998697, 0.00986211625511102, 0.00986211625511102, 0.01894380844428335, 0.00986211625511102], [0.5682649610216423, 0.37861222711861336, 0.009862245443872713, 0.009862245443872713, 0.023536075528126272, 0.009862245443872713], [0.05038478021211172, 0.091931811566279, 0.009872114528527865, 0.009872114528527865, 0.8280670646360256, 0.009872114528527865], [0.7318116089635764, 0.21547670380406567, 0.009863545110867332, 0.009863545110867332, 0.02312105189975569, 0.009863545110867332], [0.07232587021482395, 0.20944226330628107, 0.009860794627753392, 0.009860794627753392, 0.6886494825956347, 0.009860794627753392], [0.05841219210939171, 0.2143324520411448, 0.009860137671611965, 0.009860137671611965, 0.6976749428346277, 0.009860137671611965], [0.6344825398567326, 0.12219648235979988, 0.009885363419740325, 0.011529138866947989, 0.21202111207703883, 0.009885363419740325], [0.8167833568505415, 0.12303816158465435, 0.009918319721281238, 0.011518730554313022, 0.028823111567928758, 0.009918319721281238], [0.7187692627486296, 0.21081871744602595, 0.009996083100175912, 0.016256177613953007, 0.03416367599103952, 0.009996083100175912], [0.12042128497786261, 0.1556870237247003, 0.009996079549964353, 0.01489425544576789, 0.6890052767517406, 0.009996079549964353], [0.7496378417259807, 0.15874550218944325, 0.009996080103666908, 0.020794181659343523, 0.05083031421789886, 0.009996080103666908], [0.062211049744859095, 0.14479330944875235, 0.009996079536005467, 0.013434245842451573, 0.7595692358919262, 0.009996079536005467], [0.8024602301512189, 0.14222293739457226, 0.009996079684900263, 0.012669309954415946, 0.022655363129992397, 0.009996079684900263], [0.8604027530598156, 0.043782076535268825, 0.0632717904065311, 0.00999680792868211, 0.012549764141020214, 0.00999680792868211], [0.95011876625803, 0.009976246748393995, 0.009976246748393995, 0.009976246748393995, 0.009976246748393995, 0.009976246748393995]], [[0.95011876625803, 0.009976246748393995, 0.009976246748393995, 0.009976246748393995, 0.009976246748393995, 0.009976246748393995], [0.8389680272564827, 0.05389251987196274, 0.0740826092817494, 0.009945495953150219, 0.013165851683504731, 0.009945495953150219], [0.8321553545946878, 0.11739468087247987, 0.00991078036666097, 0.00991078036666097, 0.020717623432849518, 0.00991078036666097], [0.845276262630074, 0.10525512826219362, 0.009887329746994846, 0.009887329746994846, 0.019806619866747723, 0.009887329746994846], [0.04833421640800196, 0.09184682065710248, 0.009890462150243662, 0.009890462150243662, 0.8301475764841645, 0.009890462150243662], [0.8850530738685971, 0.06623469504403096, 0.009881709105774572, 0.009881709105774572, 0.019067103770048274, 0.009881709105774572], [0.8705126724574848, 0.07509371081716501, 0.009882547361396321, 0.009882547361396321, 0.02474597464116121, 0.009882547361396321], [0.8696355073027285, 0.06899550382561187, 0.009894533676675449, 0.009894533676675449, 0.03168538784163327, 0.009894533676675449], [0.8371221495712574, 0.095448514209333, 0.00989906843986798, 0.011768581128250142, 0.035862618211423405, 0.00989906843986798], [0.7082879746979914, 0.1430818178991299, 0.009899068325030286, 0.01459125990604606, 0.11424081084677222, 0.009899068325030286], [0.8274103391937624, 0.102040164898054, 0.009899068327132885, 0.011969862206905895, 0.03878149704701203, 0.009899068327132885], [0.8652307344248689, 0.07507414440804265, 0.009882773189667208, 0.009882773189667208, 0.030046801598086866, 0.009882773189667208], [0.8719872525491887, 0.07515062694256822, 0.009894216047539952, 0.009894216047539952, 0.02317947236562326, 0.009894216047539952], [0.8538312438964508, 0.08349921407671206, 0.009899068529295547, 0.010473838131160998, 0.032397566837085, 0.009899068529295547], [0.05068825449866637, 0.10224156184326179, 0.009898645742714441, 0.009898645742714441, 0.8173742464299284, 0.009898645742714441], [0.6375038048246537, 0.10468453112751722, 0.009918320017926495, 0.011064708413116166, 0.22691031559885996, 0.009918320017926495], [0.7479503350481888, 0.17567281532992252, 0.009996080289785427, 0.015922753167442256, 0.04046193587487575, 0.009996080289785427], [0.8545272530581604, 0.09155220585627616, 0.009885159015545476, 0.009885159015545476, 0.02426506403892709, 0.009885159015545476], [0.8682630019474973, 0.0766391071667651, 0.009874877238748976, 0.009874877238748976, 0.025473259169490607, 0.009874877238748976], [0.8756041394205714, 0.051699821407784737, 0.009864656204685, 0.009864656204685, 0.043102070557588815, 0.009864656204685], [0.7638940761889472, 0.022338691050453743, 0.03867380431885191, 0.009888946402897955, 0.15531553563595113, 0.009888946402897955], [0.9514370663620111, 0.009712586727597781, 0.009712586727597781, 0.009712586727597781, 0.009712586727597781, 0.009712586727597781], [0.7577728355121394, 0.177001860597482, 0.023141570324767952, 0.00990467023840974, 0.022274393088791276, 0.00990467023840974], [0.7302132912199748, 0.2120896403768793, 0.00985189631070841, 0.00985189631070841, 0.028141379471020734, 0.00985189631070841], [0.8676396177825688, 0.07794943423580844, 0.009883126424006393, 0.009883126424006393, 0.02476156870960362, 0.009883126424006393], [0.04760098671854529, 0.08922755640941109, 0.009858929385725544, 0.009858929385725544, 0.833594668714867, 0.009858929385725544], [0.45318882257704446, 0.1386674624565984, 0.009885373146909604, 0.013263320192052458, 0.37510964848048556, 0.009885373146909604], [0.8628924334467227, 0.08380378193858083, 0.00987387617434824, 0.00987387617434824, 0.02368215609165175, 0.00987387617434824], [0.07126353320971437, 0.0684993109096655, 0.00988536310603711, 0.009908496793520957, 0.8305579328750248, 0.0098853631060