{"prediction": [[[0.9999950000250003, 9.999950000250002e-07, 9.999950000250002e-07, 9.999950000250002e-07, 9.999950000250002e-07, 9.999950000250002e-07], [0.9999950000250003, 9.999950000250002e-07, 9.999950000250002e-07, 9.999950000250002e-07, 9.999950000250002e-07, 9.999950000250002e-07], [0.9999950000250003, 9.999950000250002e-07, 9.999950000250002e-07, 9.999950000250002e-07, 9.999950000250002e-07, 9.999950000250002e-07], [0.9999950000250003, 9.999950000250002e-07, 9.999950000250002e-07, 9.999950000250002e-07, 9.999950000250002e-07, 9.999950000250002e-07], [0.9999950000250003, 9.999950000250002e-07, 9.999950000250002e-07, 9.999950000250002e-07, 9.999950000250002e-07, 9.999950000250002e-07], [0.9999950000250003, 9.999950000250002e-07, 9.999950000250002e-07, 9.999950000250002e-07, 9.999950000250002e-07, 9.999950000250002e-07], [0.9999950000250003, 9.999950000250002e-07, 9.999950000250002e-07, 9.999950000250002e-07, 9.999950000250002e-07, 9.999950000250002e-07], [0.9999950000250003, 9.999950000250002e-07, 9.999950000250002e-07, 9.999950000250002e-07, 9.999950000250002e-07, 9.999950000250002e-07], [0.9999950000250003, 9.999950000250002e-07, 9.999950000250002e-07, 9.999950000250002e-07, 9.999950000250002e-07, 9.999950000250002e-07], [0.9999950000250003, 9.999950000250002e-07, 9.999950000250002e-07, 9.999950000250002e-07, 9.999950000250002e-07, 9.999950000250002e-07], [0.9999950000250003, 9.999950000250002e-07, 9.999950000250002e-07, 9.999950000250002e-07, 9.999950000250002e-07, 9.999950000250002e-07], [0.9999950000250003, 9.999950000250002e-07, 9.999950000250002e-07, 9.999950000250002e-07, 9.999950000250002e-07, 9.999950000250002e-07], [0.9999950000250003, 9.999950000250002e-07, 9.999950000250002e-07, 9.999950000250002e-07, 9.999950000250002e-07, 9.999950000250002e-07], [0.9999950000250003, 9.999950000250002e-07, 9.999950000250002e-07, 9.999950000250002e-07, 9.999950000250002e-07, 9.999950000250002e-07], [0.9999950000250003, 9.999950000250002e-07, 9.999950000250002e-07, 9.999950000250002e-07, 9.999950000250002e-07, 9.999950000250002e-07], [0.9999950000250003, 9.999950000250002e-07, 9.999950000250002e-07, 9.999950000250002e-07, 9.999950000250002e-07, 9.999950000250002e-07], [0.9999950000250003, 9.999950000250002e-07, 9.999950000250002e-07, 9.999950000250002e-07, 9.999950000250002e-07, 9.999950000250002e-07], [0.9999950000250003, 9.999950000250002e-07, 9.999950000250002e-07, 9.999950000250002e-07, 9.999950000250002e-07, 9.999950000250002e-07], [0.9999950000250003, 9.999950000250002e-07, 9.999950000250002e-07, 9.999950000250002e-07, 9.999950000250002e-07, 9.999950000250002e-07], [0.9999950000250003, 9.999950000250002e-07, 9.999950000250002e-07, 9.999950000250002e-07, 9.999950000250002e-07, 9.999950000250002e-07], [0.9999950000250003, 9.999950000250002e-07, 9.999950000250002e-07, 9.999950000250002e-07, 9.999950000250002e-07, 9.999950000250002e-07], [0.9999950000250003, 9.999950000250002e-07, 9.999950000250002e-07, 9.999950000250002e-07, 9.999950000250002e-07, 9.999950000250002e-07], [0.9999950000250003, 9.999950000250002e-07, 9.999950000250002e-07, 9.999950000250002e-07, 9.999950000250002e-07, 9.999950000250002e-07], [0.9999950000250003, 9.999950000250002e-07, 9.999950000250002e-07, 9.999950000250002e-07, 9.999950000250002e-07, 9.999950000250002e-07], [0.9999950000250003, 9.999950000250002e-07, 9.999950000250002e-07, 9.999950000250002e-07, 9.999950000250002e-07, 9.999950000250002e-07], [0.9999950000250003, 9.999950000250002e-07, 9.999950000250002e-07, 9.999950000250002e-07, 9.999950000250002e-07, 9.999950000250002e-07], [0.9999950000250003, 9.999950000250002e-07, 9.999950000250002e-07, 9.999950000250002e-07, 9.999950000250002e-07, 9.999950000250002e-07], [0.9999950000250003, 9.999950000250002e-07, 9.999950000250002e-07, 9.999950000250002e-07, 9.999950000250002e-07, 9.999950000250002e-07], [0.9999950000250003, 9.999950000250002e-07, 9.999950000250002e-07, 9.999950000250002e-07, 9.999950000250002e-07, 9.999950000250002e-07], [0.9999950000250003, 9.999950000250002e-07, 9.999950000250002e-07, 9.999950000250002e-07, 9.999950000250002e-07, 9.999950000250002e-07], [0.9999950000250003, 9.999950000250002e-07, 9.999950000250002e-07, 9.999950000250002e-07, 9.999950000250002e-07, 9.999950000250002e-07], [0.9999950000250003, 9.999950000250002e-07, 9.999950000250002e-07, 9.999950000250002e-07, 9.999950000250002e-07, 9.999950000250002e-07], [0.9999950000250003, 9.999950000250002e-07, 9.999950000250002e-07, 9.999950000250002e-07, 9.999950000250002e-07, 9.999950000250002e-07], [0.9999950000250003, 9.999950000250002e-07, 9.999950000250002e-07, 9.999950000250002e-07, 9.999950000250002e-07, 9.999950000250002e-07], [0.9999950000250003, 9.999950000250002e-07, 9.999950000250002e-07, 9.999950000250002e-07, 9.999950000250002e-07, 9.999950000250002e-07], [0.9999950000250003, 9.999950000250002e-07, 9.999950000250002e-07, 9.999950000250002e-07, 9.999950000250002e-07, 9.999950000250002e-07], [0.9999950000250003, 9.999950000250002e-07, 9.999950000250002e-07, 9.999950000250002e-07, 9.999950000250002e-07, 9.999950000250002e-07], [0.9999950000250003, 9.999950000250002e-07, 9.999950000250002e-07, 9.999950000250002e-07, 9.999950000250002e-07, 9.999950000250002e-07], [0.9999950000250003, 9.999950000250002e-07, 9.999950000250002e-07, 9.999950000250002e-07, 9.999950000250002e-07, 9.999950000250002e-07], [0.9999950000250003, 9.999950000250002e-07, 9.999950000250002e-07, 9.999950000250002e-07, 9.999950000250002e-07, 9.999950000250002e-07]], [[0.9999950000250003, 9.999950000250002e-07, 9.999950000250002e-07, 9.999950000250002e-07, 9.999950000250002e-07, 9.999950000250002e-07], [0.9473982202298021, 0.029592952101601726, 0.015757270929042933, 0.0021342119707257056, 0.00511633705194013, 1.0077168873846136e-06], [0.9116201381038875, 0.047436880247043255, 0.024106114927722973, 0.0062336503434751766, 0.010602212526842519, 1.0038510284890597e-06], [0.016836665486970413, 0.06047193141011865, 0.0067198964708658285, 0.0030806367924346868, 0.912889862122723, 1.0077168873846138e-06], [0.9999950000250003, 9.999950000250002e-07, 9.999950000250002e-07, 9.999950000250002e-07, 9.999950000250002e-07, 9.999950000250002e-07], [0.013824810359397753, 0.060287177531247745, 0.006515789199347498, 0.003032864067012679, 0.9163383472454183, 1.0115975760229392e-06], [0.9524956144252806, 0.02761101532895901, 0.013285354038045927, 0.002006866171747408, 0.004600146170107896, 1.0038658591434266e-06], [0.9158515018793586, 0.048792588616969175, 0.02476353389355385, 0.0066314280921749074, 0.003959943666915012, 1.0038510284890638e-06], [0.8866713103619074, 0.06360049080555664, 0.034068916228418344, 0.009016132768772738, 0.0066421459843164, 1.003851028489064e-06], [0.8555450243677429, 0.07679148532420542, 0.044356299948703964, 0.010546821288764694, 0.01275936521955453, 1.00385102848906e-06], [0.03716304350412276, 0.07185746816630698, 0.04592003849473264, 0.008367995911111585, 0.8366904500726975, 1.0038510284890597e-06], [0.8289817291297624, 0.08775931177229244, 0.05326798718568605, 0.011818464737259891, 0.018171503323970578, 1.0038510284890597e-06], [0.05061733115844507, 0.0989639248454609, 0.06636702643608997, 0.013635431111378361, 0.7704152825975972, 1.00385102848906e-06], [0.704562724370464, 0.13194535022706905, 0.10883757748999891, 0.02213058210235683, 0.032522761959082734, 1.0038510284880371e-06], [0.6514754182166791, 0.14839473573559775, 0.13174009386450514, 0.02573109973552097, 0.042657648596668686, 1.003851028223472e-06], [0.5938082858392105, 0.16302442243145637, 0.16410474748286585, 0.029495654614540425, 0.049565885780898655, 1.003851028222449e-06], [0.5668076264064464, 0.1728041013791945, 0.18158654691048773, 0.02931016507594264, 0.04949055637690047, 1.0038510282224491e-06], [0.5561517406814602, 0.17689850244098368, 0.18759348629077452, 0.02849723568246847, 0.05085803105328493, 1.0038510282224491e-06], [0.12538208142345236, 0.175247351627568, 0.1805398210350373, 0.030137924550550362, 0.4886918175123638, 1.0038510282224491e-06], [0.5636264149221851, 0.17257206445694995, 0.18164925395079892, 0.029314460869718263, 0.05283680194931948, 1.0038510282224493e-06], [0.5564463746520365, 0.17689736779602985, 0.18759348629077452, 0.02849723568246847, 0.050564531727662454, 1.0038510282224491e-06], [0.12715940784794158, 0.17519513716403162, 0.18047280837047416, 0.03013682455630837, 0.48703481821021605, 1.0038510282224491e-06], [0.5903511760259657, 0.162779268227534, 0.1641678533434423, 0.029509678054203615, 0.05319102049782608, 1.003851028222449e-06], [0.120454344545553, 0.15863865192339727, 0.1494236111788207, 0.02856388029883604, 0.5429185082023648, 1.0038510282215585e-06], [0.5752122105389832, 0.16631211778099608, 0.1729513419136231, 0.030476713640988556, 0.055046612274380964, 1.0038510279911306e-06], [0.5936840575634451, 0.16290644077138397, 0.16411015361193482, 0.029486650030083893, 0.04981169417212406, 1.0038510279902397e-06], [0.6311219138849131, 0.15397155453652778, 0.14183852972844177, 0.0269933611630748, 0.04607363683601448, 1.00385102799024e-06], [0.5922336203997319, 0.16291766346411235, 0.16411015361193484, 0.029489670337492675, 0.05124788833570025, 1.0038510279902397e-06], [0.5752001106864921, 0.16709805543339545, 0.17295134191362316, 0.030476738933467126, 0.05427274918199425, 1.0038510279911308e-06], [0.11877490523583796, 0.1586512344375431, 0.14942361117882066, 0.028567402412805705, 0.5445818428839643, 1.0038510282215583e-06], [0.590338241443793, 0.162779361677388, 0.16416785334344233, 0.029509698836867725, 0.05320384084748087, 1.0038510282224491e-06], [0.1254919159865986, 0.17521090013471802, 0.18047280837047416, 0.03013867830716676, 0.48868469335001424, 1.0038510282224491e-06], [0.5561506060365063, 0.17719200176660616, 0.18759348629077452, 0.02849723568246847, 0.0505656663726163, 1.0038510282224491e-06], [0.5665086981934983, 0.172804110531697, 0.18158654691048773, 0.029310187812415723, 0.049789452700873066, 1.0038510282224493e-06], [0.5921822833756741, 0.16278832495584056, 0.16422926960455914, 0.029516039178000036, 0.051283079034897906, 1.0038510282224491e-06], [0.5921685518422756, 0.162795271116533, 0.16422496398030717, 0.029513383622631867, 0.05129682558722409, 1.003851028222449e-06], [0.1254919159865986, 0.17521090013471802, 0.18047280837047416, 0.03013867830716676, 0.48868469335001424, 1.0038510282224491e-06], [0.5560788574318943, 0.17727265072533527, 0.18754562331246843, 0.02850150497714441, 0.05060035970212935, 1.0038510282224491e-06], [0.5477787408221727, 0.1937846851054383, 0.16922522232752868, 0.03041798584826352, 0.05879235817970961, 1.007716887116976e-06], [0.9999950000250003, 9.999950000250002e-07, 9.999950000250002e-07, 9.999950000250002e-07, 9.999950000250002e-07, 9.999950000250002e-07]], [[0.9999950000250003, 9.999950000250002e-07, 9.999950000250002e-07, 9.999950000250002e-07, 9.999950000250002e-07, 9.999950000250002e-07], [0.018083859269623512, 0.04529023154425578, 0.025779638963627456, 0.004637874512358868, 0.9062073918591058, 1.00385102848906e-06], [0.025215995661656714, 0.1034152962694428, 0.00037856256412788767, 0.009007220884448849, 0.8619819246203237, 9.999999999980115e-07], [0.8341093166548065, 0.08834816841653809, 0.048244550293366, 0.011167686512563594, 0.018129274286527455, 1.0038361982728929e-06], [0.9999950000250003, 9.999950000250002e-07, 9.999950000250002e-07, 9.999950000250002e-07, 9.999950000250002e-07, 9.999950000250002e-07], [0.9999950000250003, 9.999950000250002e-07, 9.999950000250002e-07, 9.999950000250002e-07, 9.999950000250002e-07, 9.999950000250002e-07], [0.875805345230744, 0.07002066787796121, 0.03813095612496928, 0.008298806630451214, 0.007743216433931451, 1.0077019427261893e-06], [0.865793549783062, 0.07663886039129565, 0.03897836094431702, 0.009723421389312594, 0.008864803655814447, 1.003836198272897e-06], [0.8353247503811894, 0.09684048155353162, 0.042352963220222827, 0.012560105490362048, 0.012920699339977049, 1.000014717082443e-06], [0.800850527936272, 0.15556145930604467, 0.00033446164890569755, 0.018221014901700607, 0.025031536207077064, 9.999999999980077e-07], [0.7720428751941304, 0.17163727207551502, 0.00017783832427696017, 0.021158794278313974, 0.03498222012776366, 9.99999999998004e-07], [0.766667059132551, 0.17721173241184213, 0.00020613593221074588, 0.022189145537254817, 0.0337249269861415, 9.99999999998004e-07], [0.07305641419307303, 0.18395854866215278, 0.0002565815045204147, 0.022122829396475176, 0.7206046262437787, 9.999999999980041e-07], [0.7033210095059299, 0.21232977532644978, 0.0004201391334096154, 0.031131005567883587, 0.05279707046632723, 9.999999997344494e-07], [0.7047561285892875, 0.20864818057074203, 0.000508270566152748, 0.029071186916881674, 0.057015233357004515, 9.999999315607526e-07], [0.5960384324553573, 0.30882146543012273, 0.0006329094711472056, 0.03006025403148318, 0.06444593861195833, 9.999999312971985e-07], [0.5772048547037726, 0.3317184085307595, 0.0007002334404795686, 0.029396300162459418, 0.060979203162597605, 9.999999312971985e-07], [0.39734872937668264, 0.3500752946191488, 0.0007233666999757743, 0.035329921937364714, 0.21652168736689686, 9.999999312971987e-07], [0.2203199529891873, 0.25967869215251776, 0.000696202405743701, 0.02958282723724548, 0.4897213252153744, 9.999999312971985e-07], [0.22258599609271795, 0.2596673154258314, 0.0007004749308865666, 0.029579663144100623, 0.48746555040653217, 9.999999312971985e-07], [0.47190304515515075, 0.34950625038324795, 0.0007233666999757742, 0.03533063828454665, 0.14253569947714756, 9.999999312971985e-07], [0.651719468374149, 0.2560982304711177, 0.0006959443339935584, 0.029107120896873426, 0.06237823592393509, 9.999999312971985e-07], [0.6717489619624298, 0.2330693534046955, 0.0006331524974466282, 0.030061639277194446, 0.06448589285830239, 9.999999312971985e-07], [0.5822674933580552, 0.3215492912958788, 0.0005763708757051056, 0.029467437674076002, 0.06613840679635387, 9.999999310676515e-07], [0.12767595141361016, 0.22417213548668025, 0.0006669188502482084, 0.025401720358414214, 0.6220822738911755, 9.999998716905678e-07], [0.5712108563758015, 0.2798970502667365, 0.0006328704176155833, 0.02530141558317255, 0.1229568073568024, 9.999998714610206e-07], [0.5856477846881628, 0.3307192792608685, 0.0005471004120649694, 0.025598113464860867, 0.057486722174171515, 9.999998714610208e-07], [0.1974657246068644, 0.28278687669070895, 0.0006328704176155834, 0.026079683174252064, 0.4930338451106876, 9.999998714610208e-07], [0.12481677316557291, 0.42617041842145226, 0.0006669188502482082, 0.025408237680562384, 0.4229366518822925, 9.999998716905676e-07], [0.14892871211488126, 0.32508188771131674, 0.0005763708757051055, 0.030375009966046744, 0.4950370193321191, 9.999999310676513e-07], [0.6684148707008584, 0.23309343340292665, 0.0006331524974466282, 0.03006699451846789, 0.0677905488803692, 9.999999312971985e-07], [0.22234068333811563, 0.2598687063357386, 0.0006959443339935584, 0.029584785102498946, 0.48750888088972194, 9.999999312971985e-07], [0.39705861659349184, 0.42570369790243584, 0.0007233666999757743, 0.03532879164527556, 0.14118452715888966, 9.999999312971987e-07], [0.5004710486968557, 0.331719636639829, 0.0007002334404795686, 0.02910978549051227, 0.1379982957323923, 9.999999312971985e-07], [0.23404920351973382, 0.23360421593483768, 0.0006333890169477845, 0.031578478573938154, 0.5001337129546114, 9.999999312971985e-07], [0.6667376115631956, 0.2327180078781464, 0.0006333724356046399, 0.030075117767647475, 0.06983489035547472, 9.999999312971985e-07], [0.22203944926939914, 0.26016211595500416, 0.0006959443339935585, 0.029584798731830644, 0.4875166917098414, 9.999999312971987e-07], [0.39694085991932265, 0.4252986324191233, 0.001624736664665707, 0.03530977557790168, 0.14082499541905535, 9.999999312972023e-07], [0.5471420451867423, 0.1507048629652487, 0.23475632680439112, 0.024162377710633245, 0.04323338348202514, 1.003850959523617e-06], [0.9999950000250003, 9.999950000250002e-07, 9.999950000250002e-07, 9.999950000250002e-07, 9.999950000250002e-07, 9.999950000250002e-07]], [[0.9999950000250003, 9.999950000250002e-07, 9.999950000250002e-07, 9.999950000250002e-07, 9.999950000250002e-07, 9.999950000250002e-07], [0.03868975001530228, 0.08039356459146817, 0.05245513681874294, 0.009801279920282447, 0.8186592648031756, 1.003851028488037e-06], [0.7947292243811767, 0.1555391560944853, 0.00024270068882306756, 0.018165149007757595, 0.03132276982775758, 9.999999997344536e-07], [0.8454365107500424, 0.10935198376351474, 0.010530151000546677, 0.01503294135347469, 0.019647413117704488, 1.0000147168178622e-06], [0.04969906568685471, 0.10091758649354933, 0.06806588523012208, 0.01408501172747436, 0.7672314431750012, 1.0076869982423708e-06], [0.9999950000250003, 9.999950000250002e-07, 9.999950000250002e-07, 9.999950000250002e-07, 9.999950000250002e-07, 9.999950000250002e-07], [0.9999950000250003, 9.999950000250002e-07, 9.999950000250002e-07, 9.999950000250002e-07, 9.999950000250002e-07, 9.999950000250002e-07], [0.9999950000250003, 9.999950000250002e-07, 9.999950000250002e-07, 9.999950000250002e-07, 9.999950000250002e-07, 9.999950000250002e-07], [0.8154348378136747, 0.0874828781406833, 0.05194793841269109, 0.01834244593355198, 0.02679089586320091, 1.0038361980073127e-06], [0.7324352146668035, 0.19573018423721328, 0.00020105277806651043, 0.0269229464470719, 0.0447096018708451, 9.999999997334349e-07], [0.11148449854558809, 0.211877167966542, 9.999999994668622e-07, 0.03032978172850088, 0.6463065517593704, 9.999999994668622e-07], [0.7037531923188247, 0.21282014117273182, 9.99999999466862e-07, 0.031152819462905282, 0.05227184704553933, 9.99999999466862e-07], [0.7104114120975219, 0.20870830752281938, 9.999999994668622e-07, 0.03008010705771564, 0.0507981733219442, 9.999999994668622e-07], [0.13665178562612323, 0.22663961211154232, 9.999999989379856e-07, 0.032622380479953965, 0.6040842217823826, 9.999999989379856e-07], [0.5460055660196448, 0.36402384982654995, 9.999998621332748e-07, 0.0295097079304039, 0.060458876223677065, 9.999998621332748e-07], [0.6028606476243663, 0.30376305426204925, 9.999998616043986e-07, 0.03063231213411178, 0.06274198597974938, 9.999998616043986e-07], [0.5854285605886856, 0.2473996600155058, 9.999998616061664e-07, 0.10509737514310825, 0.06207240425297692, 9.999998616061664e-07], [0.5772256628971536, 0.3320538308787055, 9.999998620634926e-07, 0.029394698665767226, 0.06132380755864951, 9.999998620634926e-07], [0.5827070039599458, 0.2466688041972631, 9.999998620652608e-07, 0.029490633042587748, 0.14113155880047926, 9.999998620652608e-07], [0.6563854784127976, 0.2466809178101817, 9.999998620652608e-07, 0.02949361856492017, 0.0674379852123764, 9.999998620652608e-07], [0.22409402608610804, 0.26014384862874057, 9.999998620652608e-07, 0.029874664463070803, 0.48588546082235645, 9.999998620652608e-07], [0.5844986982698006, 0.32224616159094216, 9.999998620652608e-07, 0.02948957364017194, 0.06376356649936113, 9.999998620652608e-07], [0.6718016329482795, 0.23361059410770077, 9.999998620652608e-07, 0.030062896777726472, 0.0645228761665691, 9.999998620652608e-07], [0.6532719713093131, 0.25696876549022263, 9.999998616043986e-07, 0.02908527514614241, 0.06067198805459865, 9.999998616043986e-07], [0.34239456504624033, 0.5044461908906117, 9.999997423929287e-07, 0.030314859231121472, 0.12284238483254169, 9.999997423929287e-07], [0.4950334876196033, 0.4248231669938023, 9.999997419320668e-07, 0.02496484354716518, 0.055176501839945165, 9.999997419320668e-07], [0.13435403004944213, 0.33834593401091695, 9.99999741932067e-07, 0.027076291164351056, 0.500221744775806, 9.99999741932067e-07], [0.49552512016609285, 0.4237532996814759, 9.999997419320668e-07, 0.02496457082819654, 0.05575500932475074, 9.999997419320668e-07], [0.4109981917373859, 0.3697242047969155, 9.999997423929287e-07, 0.030574235694582237, 0.18870136777163152, 9.999997423929287e-07], [0.5003184386891499, 0.3323759632322683, 9.999998616043986e-07, 0.029089786443337838, 0.1382138116355207, 9.999998616043986e-07], [0.6717876176962252, 0.23331944414392733, 9.999998620652608e-07, 0.030062917480660128, 0.06482802067946315, 9.999998620652608e-07], [0.6598358532621457, 0.24691013689060806, 9.999998620652608e-07, 0.029488443348161038, 0.06376356649936114, 9.999998620652608e-07], [0.5781464993205376, 0.3320028523507713, 9.999998620652604e-07, 0.029104602751688042, 0.0607440455772788, 9.999998620652604e-07], [0.6609348552083631, 0.24687292389725665, 9.999998620652608e-07, 0.029485725123414092, 0.06270449577124194, 9.999998620652608e-07], [0.6766053267308854, 0.22705686844530606, 9.999998620652608e-07, 0.029844766786546524, 0.06649103803753798, 9.999998620652608e-07], [0.1547196475849412, 0.22714909013297302, 9.999998620652608e-07, 0.030975534109548647, 0.5871537281728131, 9.999998620652608e-07], [0.5822069874763782, 0.32251512154512774, 9.999998620652608e-07, 0.0294919601563055, 0.06578393082246443, 9.999998620652608e-07], [0.5000989341624127, 0.4078366445537088, 0.000591446841571893, 0.029089356424520787, 0.062382618017854705, 9.999999310326292e-07], [0.1080128187990868, 0.22494362618867067, 0.15333826880310247, 0.025524870124003736, 0.4881794122341771, 1.003850959258029e-06], [0.9999950000250003, 9.999950000250002e-07, 9.999950000250002e-07, 9.999950000250002e-07, 9.999950000250002e-07, 9.999950000250002e-07]], [[0.9999950000250003, 9.999950000250002e-07, 9.999950000250002e-07, 9.999950000250002e-07, 9.999950000250002e-07, 9.999950000250002e-07], [0.7780585422993935, 0.1042369939729821, 0.07497898643525826, 0.016307072307125147, 0.026417401134212783, 1.003851028223472e-06], [0.7007880800917055, 0.24218366065786404, 0.00028982916330201267, 0.02281688039488431, 0.033920549692312695, 9.999999315607528e-07], [0.6805334674885676, 0.2519561701305003, 0.0003707667748340181, 0.025698955265080738, 0.04143964034108606, 9.999999312972023e-07], [0.07222881576331028, 0.1256750334051209, 0.08593791960144229, 0.016685474961997102, 0.699471756253481, 1.0000146483795431e-06], [0.7473801607198249, 0.11175177929521282, 0.09221386692591815, 0.018723029444985967, 0.029930155927129155, 1.0076869290164738e-06], [0.9999950000250003, 9.999950000250002e-07, 9.999950000250002e-07, 9.999950000250002e-07, 9.999950000250002e-07, 9.999950000250002e-07], [0.9999950000250003, 9.999950000250002e-07, 9.999950000250002e-07, 9.999950000250002e-07, 9.999950000250002e-07, 9.999950000250002e-07], [0.06367027268684967, 0.10998202650376764, 0.08837370387990355, 0.015874655434222888, 0.7220983376442967, 1.0038509595236168e-06], [0.11129195397937611, 0.19140214580491074, 0.00034126275230430614, 0.02790293581972319, 0.6690607016437544, 9.999999312971983e-07], [0.1268729727663855, 0.20109551036687764, 9.999998625943987e-07, 0.02864594592145695, 0.6433835709455549, 9.999998625943987e-07], [0.13763703330519017, 0.27999897282409625, 9.999998625943987e-07, 0.02899673999984849, 0.55336525387114, 9.999998625943987e-07], [0.6352741331245525, 0.27971723611535954, 9.999998625943987e-07, 0.02865784153299599, 0.05634878922736686, 9.999998625943987e-07], [0.6330088099641553, 0.2799411785677836, 9.999998621332746e-07, 0.02891398841773951, 0.058134023050597255, 9.999998621332746e-07], [0.5867416158884328, 0.26349735456465584, 9.999997428540532e-07, 0.0936400114102395, 0.0561190181371864, 9.999997428540532e-07], [0.5062232417895381, 0.2796410054450709, 9.99999742392929e-07, 0.16082706035844951, 0.05330669240745673, 9.99999742392929e-07], [0.6330378492054632, 0.28848632879861197, 9.99999742852023e-07, 0.026325418806073878, 0.05214840319036529, 9.99999742852023e-07], [0.5826165743968177, 0.3224545180887398, 9.999998616061664e-07, 0.02947635264916102, 0.06545055486555808, 9.999998616061664e-07], [0.22816956571845376, 0.22727892044330758, 9.99999862065261e-07, 0.0309819425973859, 0.5135675712411288, 9.99999862065261e-07], [0.15111405584604432, 0.3021607659099748, 9.99999862065261e-07, 0.031563650186010275, 0.5151595280582466, 9.99999862065261e-07], [0.5907867118034353, 0.23402187314754205, 9.99999862065261e-07, 0.1056958548970703, 0.06949356015222823, 9.99999862065261e-07], [0.603569187096344, 0.30352815875722494, 9.999998620652608e-07, 0.030124581765871603, 0.06277607238083545, 9.999998620652608e-07], [0.6044077982116458, 0.302977243813548, 9.999998620652608e-07, 0.029834479630823005, 0.06277847834425912, 9.999998620652608e-07], [0.659781502872315, 0.2475007594588224, 9.999998616043989e-07, 0.029471399519692968, 0.06324433814944654, 9.999998616043989e-07], [0.12480094766463395, 0.49542346843517265, 9.99999742392929e-07, 0.02539055702031589, 0.35438302688039275, 9.99999742392929e-07], [0.12245887004705544, 0.5113021523502003, 9.99999741932067e-07, 0.025759214805937375, 0.34047776279732306, 9.99999741932067e-07], [0.12413889669356905, 0.42812397501672195, 9.99999741932067e-07, 0.025371988060928, 0.4223631402292973, 9.99999741932067e-07], [0.5558820621279452, 0.3666659431007809, 9.99999741932067e-07, 0.024910383505757798, 0.052539611266032266, 9.99999741932067e-07], [0.5662448223630765, 0.28890436928007657, 9.99999742392929e-07, 0.09247210610815965, 0.05237670224920247, 9.99999742392929e-07], [0.5835323755953629, 0.32262226131606053, 9.999998616043986e-07, 0.029735159001405564, 0.06410820408744777, 9.999998616043986e-07], [0.6797273429195876, 0.2276411675684161, 9.999998620652608e-07, 0.029834496465131685, 0.06279499304714051, 9.999998620652608e-07], [0.6025180329091613, 0.3026396051293573, 9.99999862065261e-07, 0.029832146111448916, 0.06500821585030844, 9.99999862065261e-07], [0.671408134036639, 0.23373170494615808, 9.999998620652608e-07, 0.030060408651090317, 0.06479775236638853, 9.999998620652608e-07], [0.6045351035369717, 0.22725816785824543, 9.99999862065261e-07, 0.029829922853111892, 0.1383748057519469, 9.99999862065261e-07], [0.6995887471498246, 0.2125118613108412, 9.999998620652608e-07, 0.029243855184571232, 0.05865353635503892, 9.999998620652608e-07], [0.6201519186400859, 0.2881379719152715, 9.99999862065261e-07, 0.029248900327715, 0.06245920911720354, 9.99999862065261e-07], [0.6798540786529282, 0.2275516670065695, 9.99999862065261e-07, 0.029829942432926373, 0.0627623119078519, 9.99999862065261e-07], [0.6716073448815844, 0.23309723481645925, 0.0008293236511530535, 0.030041745750577095, 0.06442335090029512, 9.999999310326292e-07], [0.5780149059206758, 0.13817599227272728, 0.21510697362295125, 0.024985460238304544, 0.043715664094381664, 1.003850959258029e-06], [0.9999950000250003, 9.999950000250002e-07, 9.999950000250002e-07, 9.999950000250002e-07, 9.999950000250002e-07, 9.999950000250002e-07]], [[0.9999950000250003, 9.999950000250002e-07, 9.999950000250002e-07, 9.999950000250002e-07, 9.999950000250002e-07, 9.999950000250002e-07], [0.7172760296396058, 0.12838385708627265, 0.1042354019651124, 0.021335607514625907, 0.02876809994335499, 1.0038510282224491e-06], [0.6579185952891426, 0.26682098934290743, 0.0004023472799795551, 0.027738341779124098, 0.047118726308914984, 9.999999312971985e-07], [0.6368343740755005, 0.20451888162257692, 2.2062196132095776e-06, 0.10426414941988688, 0.05437938866249169, 9.999999310326258e-07], [0.6251998513197153, 0.2834143603400543, 0.00038427832227311775, 0.029292157693199507, 0.06170835232482676, 9.999999310326328e-07], [0.17506476616848762, 0.17200766373737517, 0.01424073631644747, 0.02222924954522407, 0.6164565842178175, 1.000014648115981e-06], [0.07257189226210017, 0.11918948250553207, 0.10458783259420727, 0.01909986138952959, 0.684549923561702, 1.007686929015443e-06], [0.9999950000250003, 9.999950000250002e-07, 9.999950000250002e-07, 9.999950000250002e-07, 9.999950000250002e-07, 9.999950000250002e-07], [0.07381124725721054, 0.20396559063478037, 0.09047002314480865, 0.01955749089110149, 0.6121946442359698, 1.0038361290428848e-06], [0.1363173657281749, 0.2850864400413866, 0.00034933996987018557, 0.10503427458742018, 0.4732115796732171, 9.999999310326294e-07], [0.14709019976446824, 0.30296901381936153, 9.999998620652608e-07, 0.03127337079783359, 0.5186654156186126, 9.999998620652608e-07], [0.15494814480959582, 0.30966102685535746, 9.99999862065261e-07, 0.03158110453180354, 0.5038077238035192, 9.99999862065261e-07], [0.6743468961748287, 0.227842098296755, 9.999998620652608e-07, 0.0301324347219899, 0.06767657080670225, 9.999998620652608e-07], [0.2168051310844267, 0.2848320898168994, 9.999998616043986e-07, 0.029438591271526437, 0.4689221878274242, 9.999998616043986e-07], [0.13525847050216983, 0.2014609018587046, 9.99999742392929e-07, 0.02787818886196478, 0.635400438777676, 9.99999742392929e-07], [0.6314013156376969, 0.22079106208381405, 9.99999741932067e-07, 0.0935025855629417, 0.054303036716063374, 9.99999741932067e-07], [0.2761958076209123, 0.43603450253915316, 9.999997423929287e-07, 0.16557309753851787, 0.12219459230193182, 9.999997423929287e-07], [0.22362865520236194, 0.260476580193028, 9.999998616043986e-07, 0.030084834067491625, 0.48580793053739524, 9.999998616043986e-07], [0.6664153117256028, 0.2331462199405326, 9.999998620652604e-07, 0.03035872956131929, 0.07007773877282122, 9.999998620652604e-07], [0.1375077411151872, 0.20501898273195332, 9.99999862065261e-07, 0.1046208953852933, 0.5528503807678422, 9.99999862065261e-07], [0.13700838878904228, 0.3555261134293704, 9.99999862065261e-07, 0.029559678911246414, 0.47790381887061695, 9.99999862065261e-07], [0.6328381333379625, 0.2802259010471326, 9.999998620652608e-07, 0.028644395648926894, 0.058289569966254035, 9.999998620652608e-07], [0.6972642170881785, 0.21306482917956687, 9.999998620652608e-07, 0.02924218020031797, 0.060426773532212395, 9.999998620652608e-07], [0.678048675251784, 0.22766114459305922, 9.999998616043986e-07, 0.02981853424328775, 0.06446964591214573, 9.999998616043986e-07], [0.20333971015680358, 0.33706726901423156, 9.999997423929287e-07, 0.02709507636153368, 0.4324959444679463, 9.999997423929287e-07], [0.6983252701329955, 0.2218008565550964, 9.99999741932067e-07, 0.02496483742531628, 0.0549070358871079, 9.99999741932067e-07], [0.34532062428073135, 0.4360127425958918, 9.99999741932067e-07, 0.030297374003893696, 0.1883672591199993, 9.99999741932067e-07], [0.7009394720805517, 0.22176058388699488, 9.99999741932067e-07, 0.024956531998518144, 0.05234141203445133, 9.99999741932067e-07], [0.5808033686125013, 0.3357781852986088, 9.99999742392929e-07, 0.026059285484875457, 0.057357160604529646, 9.99999742392929e-07], [0.15259650970401895, 0.3027924719728633, 9.999998616043989e-07, 0.030956808143294143, 0.5136522101801005, 9.999998616043989e-07], [0.6958899527070669, 0.21251181708460037, 9.999998620652608e-07, 0.029250366802296684, 0.06234586340631181, 9.999998620652608e-07], [0.13516320270921298, 0.2011105478347892, 9.999998620652608e-07, 0.028635710131751008, 0.6350885393245228, 9.999998620652608e-07], [0.6279464613543176, 0.2837349519536169, 9.999998620652604e-07, 0.029061727103577135, 0.059254859588764024, 9.999998620652604e-07], [0.6371387271490915, 0.2795612774419743, 9.999998620652604e-07, 0.028635941172798954, 0.05466205423641117, 9.999998620652604e-07], [0.7314280999950854, 0.19178261054535778, 9.99999862065261e-07, 0.027483891171314237, 0.04930339828851859, 9.99999862065261e-07], [0.117752192387401, 0.2675826012816836, 9.999998620652608e-07, 0.027648795339958024, 0.5870144109912333, 9.999998620652608e-07], [0.7087058183994778, 0.20365646841305585, 9.999998620652608e-07, 0.028637481176094062, 0.05899823201164821, 9.999998620652608e-07], [0.7054749071274055, 0.2078164512462406, 0.0007238437183232224, 0.029035400546900656, 0.056948397361198874, 9.999999310326292e-07], [0.6286237188789865, 0.12572327272109152, 0.18771733927038367, 0.0217958053929294, 0.036138859885649695, 1.0038509592580288e-06], [0.9999950000250003, 9.999950000250002e-07, 9.999950000250002e-07, 9.999950000250002e-07, 9.999950000250002e-07, 9.999950000250002e-07]], [[0.9999950000250003, 9.999950000250002e-07, 9.999950000250002e-07, 9.999950000250002e-07, 9.999950000250002e-07, 9.999950000250002e-07], [0.6753305006913541, 0.14189594377111617, 0.12223359821978036, 0.024277951715024115, 0.03626100175169696, 1.0038510282224491e-06], [0.6974801834113329, 0.21252950071811252, 0.0004716599395661065, 0.029230263534324133, 0.060287392396733086, 9.999999312971985e-07], [0.6042337533942779, 0.3028876888765155, 9.99999862065261e-07, 0.030122313252979586, 0.06275424447650299, 9.99999862065261e-07], [0.595772810584321, 0.3096521093599049, 1.1325705362880065e-06, 0.030061459915779493, 0.06451148756952729, 9.999999310326256e-07], [0.5982164599034482, 0.30292798251677033, 6.540190373044869e-05, 0.029786577040546186, 0.06900257863557377, 9.999999310326328e-07], [0.10690619839189588, 0.17666988153758337, 0.0032450271577490896, 0.023446275635132404, 0.6897316172629911, 1.0000146481159812e-06], [0.09501709320447588, 0.2479421359310102, 0.01360353166821328, 0.02252771562560674, 0.6209085197493946, 1.0038212992659174e-06], [0.0948878526900879, 0.24820730173467934, 0.013885173180513034, 0.022543092139814137, 0.6204755802402574, 1.0000146481159812e-06], [0.14865688785722173, 0.30315053122940266, 5.440407598443824e-05, 0.03124403757577996, 0.5168931392616801, 9.999999310326294e-07], [0.14877394154274262, 0.3255450087428198, 9.999998620652608e-07, 0.030403252584906084, 0.4952757971298075, 9.999998620652608e-07], [0.5722253907902204, 0.2569828282431058, 9.999998620652608e-07, 0.02940986905009122, 0.1413799119168585, 9.999998620652608e-07], [0.15002075718944238, 0.24905708693167605, 9.999998620652608e-07, 0.1060279559365047, 0.4948921999426528, 9.999998620652608e-07], [0.3014829477617364, 0.22790287668894424, 9.999998616043986e-07, 0.03151665565507919, 0.439095519894517, 9.999998616043986e-07], [0.50271250659189, 0.3472416127498009, 9.99999742392929e-07, 0.09306836786761198, 0.05697551279121234, 9.99999742392929e-07], [0.6084993301004303, 0.3176438327889652, 9.99999741932067e-07, 0.024098037417435526, 0.04975679969368524, 9.99999741932067e-07], [0.2516923043391798, 0.393729841977727, 9.99999742392929e-07, 0.024377575788376217, 0.3301982778952324, 9.99999742392929e-07], [0.6579829434007906, 0.24743982665577657, 9.999998616043989e-07, 0.029470247081663584, 0.06510498286204615, 9.999998616043989e-07], [0.5270384798609955, 0.3028738530774427, 9.99999862065261e-07, 0.02983180065744167, 0.14025386640439608, 9.99999862065261e-07], [0.6324061324385278, 0.279863934891594, 9.999998620652608e-07, 0.028932562075853856, 0.05879537059430026, 9.999998620652608e-07], [0.09752214387311645, 0.2596108458097646, 9.999998620652608e-07, 0.026686881668714416, 0.6161781286486805, 9.999998620652608e-07], [0.09305764002992419, 0.2560941063536892, 9.999998620652608e-07, 0.025710767851618393, 0.6251354857650442, 9.999998620652608e-07], [0.11507789075500435, 0.2677924519881916, 9.999998620652608e-07, 0.027631915932550374, 0.5894957413245295, 9.999998620652608e-07], [0.5594569666857157, 0.2798006954816502, 9.999998616043986e-07, 0.02863081607032947, 0.13210952176258142, 9.999998616043986e-07], [0.5879970227423511, 0.3308169016111616, 9.99999742392929e-07, 0.025601657227179914, 0.055582418419822484, 9.99999742392929e-07], [0.709187544044521, 0.2119866528128267, 9.999997419320668e-07, 0.02554576967766925, 0.053278033465499086, 9.999997419320668e-07], [0.6323040638998442, 0.28840450182411825, 9.99999741932067e-07, 0.02496401754944842, 0.05432541672710526, 9.99999741932067e-07], [0.5721633139700385, 0.3472470654123818, 9.99999741932067e-07, 0.02528860355346728, 0.05529901706462858, 9.99999741932067e-07], [0.5854698317370648, 0.2635954730003518, 9.99999742392929e-07, 0.02560267976470882, 0.12533001549838974, 9.99999742392929e-07], [0.1395428964997856, 0.20437000201965902, 9.999998616043986e-07, 0.028978354049477274, 0.6271067474313549, 9.999998616043986e-07], [0.7109287174292224, 0.20376381739227284, 9.999998620652608e-07, 0.028650039128970767, 0.056655426049809915, 9.999998620652608e-07], [0.7314977578790196, 0.19152437049793988, 9.99999862065261e-07, 0.0274877181643675, 0.04948815345894896, 9.99999862065261e-07], [0.7519456833431712, 0.18080602709672935, 9.999998620652608e-07, 0.026425094888256544, 0.04082119467211876, 9.999998620652608e-07], [0.6806107678158873, 0.25256966660367947, 9.999998620652608e-07, 0.02550979043393665, 0.04130777514677238, 9.999998620652608e-07], [0.7520404804893556, 0.18075099686942017, 9.999998620652608e-07, 0.02641746695327994, 0.040789055688220235, 9.999998620652608e-07], [0.678012941219801, 0.25282438546352215, 9.99999862065261e-07, 0.025503392345245637, 0.04365728097170717, 9.99999862065261e-07], [0.09747397664562273, 0.18026279920890792, 9.999998620652608e-07, 0.02573461427327696, 0.6965266098724683, 9.999998620652608e-07], [0.671959832981973, 0.2557896202098924, 0.0003569272431658572, 0.026382001442660223, 0.04551061812237743, 9.999999310326294e-07], [0.7517359430608077, 0.11198994089793725, 0.09244132019378673, 0.018740136255972886, 0.02509165574053626, 1.0038509592580292e-06], [0.9999950000250003, 9.999950000250002e-07, 9.999950000250002e-07, 9.999950000250002e-07, 9.999950000250002e-07, 9.999950000250002e-07]], [[0.9999950000250003, 9.999950000250002e-07, 9.999950000250002e-07, 9.999950000250002e-07, 9.999950000250002e-07, 9.999950000250002e-07], [0.6494039798606548, 0.14845832937426598, 0.1316799218369264, 0.02573415830799554, 0.04472260676912906, 1.0038510282224493e-06], [0.1549112045687899, 0.22655540645220715, 0.0005080385746223738, 0.030960823748572175, 0.5870635266558771, 9.999999312971985e-07], [0.6592018463014246, 0.2468721512919273, 9.999998620652608e-07, 0.02978248686428972, 0.06414151554263425, 9.999998620652608e-07], [0.5758958863595668, 0.3323051823120963, 9.999998620652608e-07, 0.029109210523846428, 0.0626877208047665, 9.999998620652608e-07], [0.15269989137343018, 0.32540824763312143, 9.999999037735674e-07, 0.030387857439508264, 0.49150200355413265, 9.999999037735674e-07], [0.5917399325337306, 0.3093233023578366, 1.19212862754221e-05, 0.030333321018550168, 0.06859052280367618, 9.999999310326292e-07], [0.6012763264301424, 0.22772302924924098, 5.330623515885059e-05, 0.10572599721207922, 0.0652203408734476, 9.999999310326296e-07], [0.5454843677488221, 0.21310204659994503, 5.326452684539562e-05, 0.10514876579421951, 0.13621055533023696, 9.999999310326294e-07], [0.591688731227508, 0.30937611746465365, 1.132570536288013e-06, 0.030654580994139605, 0.06827843774323153, 9.999999310326258e-07], [0.4999609697765378, 0.4085178072529772, 9.999998620652608e-07, 0.029109268611978857, 0.06240995435878199, 9.999998620652608e-07], [0.39683320699126556, 0.42659603236488064, 9.99999862065261e-07, 0.03533227137042329, 0.14123648927370638, 9.99999862065261e-07], [0.14621290234026194, 0.33636559926199466, 9.999998620652608e-07, 0.02988042134212384, 0.48753907705589544, 9.999998620652608e-07], [0.5164746225284366, 0.38505873078393965, 9.999998616043989e-07, 0.03089830389998046, 0.06756634278792019, 9.999998616043989e-07], [0.49814217627783686, 0.356499281483233, 9.999997423929287e-07, 0.09299232769360297, 0.05236421454584238, 9.999997423929287e-07], [0.41328534028228664, 0.3692453441330683, 9.99999741932067e-07, 0.0305480747151923, 0.1869192408699689, 9.99999741932067e-07], [0.6325801504585232, 0.28900123191602917, 9.99999742392929e-07, 0.024968721411873434, 0.053447896214089345, 9.99999742392929e-07], [0.5949290217137446, 0.30868651936788605, 9.999998616043986e-07, 0.030045709213259025, 0.06633674970538721, 9.999998616043986e-07], [0.21936301906827574, 0.20977597515352442, 9.999998620652608e-07, 0.029725754147887893, 0.5411332516305878, 9.999998620652608e-07], [0.6562141534680467, 0.2672870166043056, 9.999998620652608e-07, 0.0274637850650089, 0.04903304486291479, 9.999998620652608e-07], [0.7742756450207229, 0.1667399717532183, 9.999998620652604e-07, 0.022832257356598083, 0.03615012586973649, 9.999998620652604e-07], [0.8017314986083309, 0.1508349571714187, 9.999998620652608e-07, 0.018818592132455826, 0.028612952088070423, 9.999998620652608e-07], [0.6986990595531759, 0.24239987691121834, 9.99999862065261e-07, 0.022835900749089325, 0.03606316278679237, 9.99999862065261e-07], [0.7307256666551035, 0.191819442739