{"prediction": [[[0.9999950000250003, 9.999950000250002e-07, 9.999950000250002e-07, 9.999950000250002e-07, 9.999950000250002e-07, 9.999950000250002e-07], [0.9999950000250003, 9.999950000250002e-07, 9.999950000250002e-07, 9.999950000250002e-07, 9.999950000250002e-07, 9.999950000250002e-07], [0.9999950000250003, 9.999950000250002e-07, 9.999950000250002e-07, 9.999950000250002e-07, 9.999950000250002e-07, 9.999950000250002e-07], [0.9999950000250003, 9.999950000250002e-07, 9.999950000250002e-07, 9.999950000250002e-07, 9.999950000250002e-07, 9.999950000250002e-07], [0.9999950000250003, 9.999950000250002e-07, 9.999950000250002e-07, 9.999950000250002e-07, 9.999950000250002e-07, 9.999950000250002e-07], [0.9999950000250003, 9.999950000250002e-07, 9.999950000250002e-07, 9.999950000250002e-07, 9.999950000250002e-07, 9.999950000250002e-07], [0.9999950000250003, 9.999950000250002e-07, 9.999950000250002e-07, 9.999950000250002e-07, 9.999950000250002e-07, 9.999950000250002e-07], [0.9999950000250003, 9.999950000250002e-07, 9.999950000250002e-07, 9.999950000250002e-07, 9.999950000250002e-07, 9.999950000250002e-07], [0.9999950000250003, 9.999950000250002e-07, 9.999950000250002e-07, 9.999950000250002e-07, 9.999950000250002e-07, 9.999950000250002e-07], [0.9999950000250003, 9.999950000250002e-07, 9.999950000250002e-07, 9.999950000250002e-07, 9.999950000250002e-07, 9.999950000250002e-07], [0.9999950000250003, 9.999950000250002e-07, 9.999950000250002e-07, 9.999950000250002e-07, 9.999950000250002e-07, 9.999950000250002e-07], [0.9999950000250003, 9.999950000250002e-07, 9.999950000250002e-07, 9.999950000250002e-07, 9.999950000250002e-07, 9.999950000250002e-07], [0.9999950000250003, 9.999950000250002e-07, 9.999950000250002e-07, 9.999950000250002e-07, 9.999950000250002e-07, 9.999950000250002e-07], [0.9999950000250003, 9.999950000250002e-07, 9.999950000250002e-07, 9.999950000250002e-07, 9.999950000250002e-07, 9.999950000250002e-07], [0.9999950000250003, 9.999950000250002e-07, 9.999950000250002e-07, 9.999950000250002e-07, 9.999950000250002e-07, 9.999950000250002e-07], [0.9999950000250003, 9.999950000250002e-07, 9.999950000250002e-07, 9.999950000250002e-07, 9.999950000250002e-07, 9.999950000250002e-07], [0.9999950000250003, 9.999950000250002e-07, 9.999950000250002e-07, 9.999950000250002e-07, 9.999950000250002e-07, 9.999950000250002e-07], [0.9999950000250003, 9.999950000250002e-07, 9.999950000250002e-07, 9.999950000250002e-07, 9.999950000250002e-07, 9.999950000250002e-07], [0.9999950000250003, 9.999950000250002e-07, 9.999950000250002e-07, 9.999950000250002e-07, 9.999950000250002e-07, 9.999950000250002e-07], [0.9999950000250003, 9.999950000250002e-07, 9.999950000250002e-07, 9.999950000250002e-07, 9.999950000250002e-07, 9.999950000250002e-07], [0.9999950000250003, 9.999950000250002e-07, 9.999950000250002e-07, 9.999950000250002e-07, 9.999950000250002e-07, 9.999950000250002e-07], [0.9999950000250003, 9.999950000250002e-07, 9.999950000250002e-07, 9.999950000250002e-07, 9.999950000250002e-07, 9.999950000250002e-07], [0.9999950000250003, 9.999950000250002e-07, 9.999950000250002e-07, 9.999950000250002e-07, 9.999950000250002e-07, 9.999950000250002e-07], [0.9999950000250003, 9.999950000250002e-07, 9.999950000250002e-07, 9.999950000250002e-07, 9.999950000250002e-07, 9.999950000250002e-07], [0.9999950000250003, 9.999950000250002e-07, 9.999950000250002e-07, 9.999950000250002e-07, 9.999950000250002e-07, 9.999950000250002e-07], [0.9999950000250003, 9.999950000250002e-07, 9.999950000250002e-07, 9.999950000250002e-07, 9.999950000250002e-07, 9.999950000250002e-07], [0.9999950000250003, 9.999950000250002e-07, 9.999950000250002e-07, 9.999950000250002e-07, 9.999950000250002e-07, 9.999950000250002e-07], [0.9999950000250003, 9.999950000250002e-07, 9.999950000250002e-07, 9.999950000250002e-07, 9.999950000250002e-07, 9.999950000250002e-07], [0.9999950000250003, 9.999950000250002e-07, 9.999950000250002e-07, 9.999950000250002e-07, 9.999950000250002e-07, 9.999950000250002e-07], [0.9999950000250003, 9.999950000250002e-07, 9.999950000250002e-07, 9.999950000250002e-07, 9.999950000250002e-07, 9.999950000250002e-07], [0.9999950000250003, 9.999950000250002e-07, 9.999950000250002e-07, 9.999950000250002e-07, 9.999950000250002e-07, 9.999950000250002e-07], [0.9999950000250003, 9.999950000250002e-07, 9.999950000250002e-07, 9.999950000250002e-07, 9.999950000250002e-07, 9.999950000250002e-07], [0.9999950000250003, 9.999950000250002e-07, 9.999950000250002e-07, 9.999950000250002e-07, 9.999950000250002e-07, 9.999950000250002e-07], [0.9999950000250003, 9.999950000250002e-07, 9.999950000250002e-07, 9.999950000250002e-07, 9.999950000250002e-07, 9.999950000250002e-07], [0.9999950000250003, 9.999950000250002e-07, 9.999950000250002e-07, 9.999950000250002e-07, 9.999950000250002e-07, 9.999950000250002e-07], [0.9999950000250003, 9.999950000250002e-07, 9.999950000250002e-07, 9.999950000250002e-07, 9.999950000250002e-07, 9.999950000250002e-07], [0.9999950000250003, 9.999950000250002e-07, 9.999950000250002e-07, 9.999950000250002e-07, 9.999950000250002e-07, 9.999950000250002e-07], [0.9999950000250003, 9.999950000250002e-07, 9.999950000250002e-07, 9.999950000250002e-07, 9.999950000250002e-07, 9.999950000250002e-07], [0.9999950000250003, 9.999950000250002e-07, 9.999950000250002e-07, 9.999950000250002e-07, 9.999950000250002e-07, 9.999950000250002e-07], [0.9999950000250003, 9.999950000250002e-07, 9.999950000250002e-07, 9.999950000250002e-07, 9.999950000250002e-07, 9.999950000250002e-07]], [[0.9999950000250003, 9.999950000250002e-07, 9.999950000250002e-07, 9.999950000250002e-07, 9.999950000250002e-07, 9.999950000250002e-07], [0.8875652730102246, 0.05250716837877862, 0.03495129467071898, 0.0063123175439126, 0.01866293867947782, 1.0077168873846138e-06], [0.04817747087898294, 0.08283582509169289, 0.06669275859188982, 0.009535297180480547, 0.7927576444059252, 1.00385102848906e-06], [0.7433995396792054, 0.11158110065918225, 0.0992822817127683, 0.014018542326264136, 0.031717531771551385, 1.0038510284890597e-06], [0.07323943098542554, 0.14676478184488337, 0.09794523339490366, 0.01525590826318603, 0.6667936378096586, 1.007701942726189e-06], [0.9999950000250003, 9.999950000250002e-07, 9.999950000250002e-07, 9.999950000250002e-07, 9.999950000250002e-07, 9.999950000250002e-07], [0.9999950000250003, 9.999950000250002e-07, 9.999950000250002e-07, 9.999950000250002e-07, 9.999950000250002e-07, 9.999950000250002e-07], [0.07862521391583692, 0.1522430699531936, 0.10553758238665684, 0.01621480714296675, 0.6473783188844584, 1.0077168873846138e-06], [0.6353690851120967, 0.14460236065973445, 0.15384099185183747, 0.0215702554386562, 0.04461630308664676, 1.0038510284890602e-06], [0.6158267718557529, 0.14972350259539052, 0.16304957585047605, 0.022913462594178147, 0.04848568325317377, 1.00385102848906e-06], [0.09679476042380124, 0.15282806592412365, 0.1475981510648668, 0.021304788839245303, 0.5814732298969345, 1.00385102848906e-06], [0.6814004365253791, 0.1316458924415137, 0.13093310752960996, 0.018220281248776986, 0.0377992784036918, 1.00385102848906e-06], [0.7436199647450839, 0.11143641943821389, 0.09938870794580382, 0.014020779354952103, 0.03153312466491786, 1.0038510284890597e-06], [0.0426701695341213, 0.07614812864349982, 0.061474772666328614, 0.008595719384470958, 0.8111102059205508, 1.003851028488037e-06], [0.8590815600596747, 0.06959224527879282, 0.048121967348106004, 0.007735021104414686, 0.015468202357983511, 1.003851028223472e-06], [0.7889445814582847, 0.09719307132974063, 0.07924651318919804, 0.011472378713195936, 0.02314245145855246, 1.0038510282224493e-06], [0.7086297605987649, 0.12322331046066604, 0.11763361200175691, 0.016662610913723466, 0.03384970217406044, 1.0038510282224491e-06], [0.6359923850579969, 0.14456292972654314, 0.15390451045707584, 0.021559406011514674, 0.04397976489584111, 1.0038510282224491e-06], [0.6010765400587574, 0.16078786345191928, 0.16737056146365684, 0.0243006382433973, 0.046463392931241, 1.0038510282224491e-06], [0.5875561112768526, 0.1687572688735983, 0.1703887200710757, 0.025264184263005186, 0.04803271166443992, 1.003851028222449e-06], [0.6007830407331349, 0.1610813627775418, 0.16737056146365684, 0.0243006382433973, 0.046463392931241, 1.0038510282224491e-06], [0.635991250413043, 0.14456519901645082, 0.15390451045707584, 0.021558271366560824, 0.04397976489584111, 1.0038510282224491e-06], [0.7057698528210036, 0.12347599639192432, 0.11759615341253163, 0.016363559782600318, 0.03679343374091199, 1.0038510282224493e-06], [0.048994444856393295, 0.08670719246122821, 0.06963363101963738, 0.010044673019739247, 0.7846190547919737, 1.0038510282215585e-06], [0.8106823075371418, 0.08765590470978225, 0.06784013639274514, 0.010183117968110321, 0.023637529541192533, 1.0038510279911308e-06], [0.038714863943352926, 0.06116959863175707, 0.0492401026166443, 0.006415049831934806, 0.8444593811252828, 1.0038510279902397e-06], [0.8560684635195359, 0.06945845353039579, 0.048075136125341776, 0.007720255628892487, 0.018676687344805994, 1.00385102799024e-06], [0.7915986234113997, 0.09734608812021936, 0.07924651293954835, 0.011464094940696784, 0.02034367673710763, 1.00385102799024e-06], [0.7065199011422612, 0.12363434324224663, 0.11760909715809195, 0.016359700207135584, 0.035875954399236604, 1.0038510279911308e-06], [0.0971656705423944, 0.1525563076496235, 0.14756330700419065, 0.021282949895771883, 0.5814307610569913, 1.0038510282215585e-06], [0.5989934795659668, 0.16081762489516252, 0.16734604687752377, 0.024299573996919538, 0.04854227081339909, 1.0038510282224491e-06], [0.5856545079594182, 0.16846784767091558, 0.17039951399897968, 0.02526405059535089, 0.050213075924307495, 1.003851028222449e-06], [0.10890213809185556, 0.16213390895792176, 0.17016263360030978, 0.024266054486970133, 0.5345342610119145, 1.0038510282224493e-06], [0.636174008443676, 0.14425508356812727, 0.1539153043849798, 0.02155610374846711, 0.04409849600372155, 1.0038510282224491e-06], [0.7079262866547682, 0.12322805231732499, 0.11768546513964008, 0.016371885093830998, 0.03478730694340767, 1.0038510282224493e-06], [0.05905116796977816, 0.10679680030278921, 0.092926750027147, 0.012277231669924928, 0.7289470461793325, 1.0038510282224491e-06], [0.7058307668228345, 0.12334745264821893, 0.11757148774039508, 0.016357252911783634, 0.03689203602573955, 1.0038510282224493e-06], [0.07205136775143432, 0.1326600071082566, 0.12408947659884888, 0.014847850849895367, 0.6563502938405366, 1.0038510282224491e-06], [0.7543857095564704, 0.1064644289608658, 0.08092389092790787, 0.014569057485832536, 0.043655905352036124, 1.007716887116976e-06], [0.9999950000250003, 9.999950000250002e-07, 9.999950000250002e-07, 9.999950000250002e-07, 9.999950000250002e-07, 9.999950000250002e-07]], [[0.9999950000250003, 9.999950000250002e-07, 9.999950000250002e-07, 9.999950000250002e-07, 9.999950000250002e-07, 9.999950000250002e-07], [0.049540857147034746, 0.08631725339701392, 0.06950669658391037, 0.010031890490919494, 0.7846022985300929, 1.00385102848906e-06], [0.693641177026012, 0.2560847917500006, 0.0005249902414273662, 0.015124324848186297, 0.03462371613437358, 9.999999999980077e-07], [0.6282923747484287, 0.3142333211028843, 0.00046419279388997605, 0.01874511279470201, 0.038263998560095006, 9.999999999980077e-07], [0.639403046197512, 0.2760188179883433, 0.02174090279545656, 0.01918522986480207, 0.04365100313916887, 1.000014717082439e-06], [0.6921937099807027, 0.12621051749663786, 0.1173509062181798, 0.017922192275320988, 0.046321666327215794, 1.0077019427261893e-06], [0.9999950000250003, 9.999950000250002e-07, 9.999950000250002e-07, 9.999950000250002e-07, 9.999950000250002e-07, 9.999950000250002e-07], [0.09448157051597443, 0.15290582552012252, 0.14750005162402968, 0.021296893316872473, 0.5838146551719723, 1.00385102848906e-06], [0.5371647301922822, 0.3853693051354991, 0.0012033247904564132, 0.024241418235604575, 0.05202022164615775, 9.999999999980118e-07], [0.11552131278505026, 0.40976758866471696, 0.0006290824619479984, 0.02595754051434261, 0.4481234755739422, 9.999999999980041e-07], [0.5366827256411979, 0.3864582896212391, 0.0005694098343637919, 0.024267729898699776, 0.05202084500449941, 9.99999999998004e-07], [0.5783767122125391, 0.3535141582052759, 0.0005052312604523004, 0.021426570835445302, 0.046176327486287534, 9.99999999998004e-07], [0.08221666965855336, 0.2987082155133782, 0.00038375095493135093, 0.017319251657788675, 0.6013711122153487, 9.99999999998004e-07], [0.05296092282300517, 0.21497009686511082, 0.00023774073386132613, 0.012725752787164106, 0.7191044867908589, 9.999999997344498e-07], [0.8650389140773578, 0.11200458227233027, 0.00018624970039433748, 0.006658471842640929, 0.01611078210734533, 9.999999315607526e-07], [0.051476059603106236, 0.1930032529053745, 0.00030611283977991785, 0.011781813641691237, 0.7434317610101169, 9.999999312971985e-07], [0.07058711127224751, 0.2647795530857369, 0.00045394498222697723, 0.09091290092253244, 0.5732654897373249, 9.999999312971985e-07], [0.09143840151668396, 0.3930040806767318, 0.0005936274482896452, 0.019866000359317234, 0.4950968899990461, 9.999999312971985e-07], [0.5950386820761719, 0.33834322402514594, 0.0006454864121651066, 0.021645367469370565, 0.04432624001721527, 9.999999312971987e-07], [0.3501660516696851, 0.49679679927094733, 0.0006571096102441912, 0.031005184748732765, 0.1213738547004593, 9.999999312971987e-07], [0.5191179054255154, 0.4139716273084329, 0.0006454864121651065, 0.02164536746937056, 0.04461861338458458, 9.999999312971985e-07], [0.09115207605237304, 0.3935908353660705, 0.0005936274482896452, 0.019573691437350372, 0.49508876969598525, 9.999999312971985e-07], [0.07467692444864238, 0.3414246367975915, 0.0004538007258577929, 0.015312995370833228, 0.5681306426571439, 9.999999312971985e-07], [0.6287547815534634, 0.3222196061857604, 0.00026909254327264293, 0.01456575986700215, 0.034189759850570434, 9.999999310676517e-07], [0.7801164708682222, 0.1877376480255845, 0.00026212624373779005, 0.011001102878796081, 0.020881651983787608, 9.999998716905678e-07], [0.6871012740019788, 0.2823512787751797, 0.00019049562882581672, 0.008668764421078643, 0.02168718717306563, 9.999998714610208e-07], [0.09487152189311349, 0.09278286791260108, 0.0001860092391962134, 0.004991023777994269, 0.8071675771772235, 9.999998714610208e-07], [0.7354815426687191, 0.23207376083308592, 0.0003060529852813978, 0.009904242842472762, 0.022233400670569236, 9.999998714610206e-07], [0.06835741251787258, 0.36225933781527064, 0.0004537909406812365, 0.013124341729134086, 0.5558041169971699, 9.999998716905678e-07], [0.6243155732186005, 0.31277542135233966, 0.000569206678352792, 0.019040361616662754, 0.043298437134113264, 9.999999310676515e-07], [0.5951132371699316, 0.3377702993525251, 0.000645392004306702, 0.021644948095328694, 0.04482512337797656, 9.999999312971985e-07], [0.34985868310629986, 0.42146203108139296, 0.00065715117862359, 0.031005190458284385, 0.19701594417546797, 9.999999312971987e-07], [0.5949096958739895, 0.3380401517799074, 0.0006562389310737013, 0.021643215131791745, 0.04474969828330626, 9.999999312971985e-07], [0.6266806837123835, 0.3126510163350706, 0.0005936690166690442, 0.019052246928007537, 0.04102138400793814, 9.999999312971987e-07], [0.6204282894622128, 0.2568975033072063, 0.0004541446732873331, 0.015538234939872159, 0.10668082761749006, 9.999999312971983e-07], [0.6816285562672332, 0.2667094718732581, 0.0003587966524017667, 0.015884914020158576, 0.03541726118701722, 9.999999312971985e-07], [0.6439441200540617, 0.3001880000747977, 0.00045370573615371074, 0.018144738166908647, 0.037268435968147, 9.999999312971985e-07], [0.5483733466772381, 0.38742945434702786, 0.0009583142305289473, 0.019326809191656264, 0.043911075553617486, 9.99999931297202e-07], [0.0835065794536239, 0.12960764867531246, 0.12482464628849169, 0.01802886566094704, 0.6440312560706654, 1.003850959523617e-06], [0.9999950000250003, 9.999950000250002e-07, 9.999950000250002e-07, 9.999950000250002e-07, 9.999950000250002e-07, 9.999950000250002e-07]], [[0.9999950000250003, 9.999950000250002e-07, 9.999950000250002e-07, 9.999950000250002e-07, 9.999950000250002e-07, 9.999950000250002e-07], [0.7079621130147407, 0.12332923486150867, 0.11759615370935166, 0.01637397470346602, 0.03473751985990459, 1.0038510284890602e-06], [0.6396823084813597, 0.3034721410195358, 0.0004538694578445376, 0.018005872122493126, 0.038384808918766895, 9.999999999980037e-07], [0.5803104192692972, 0.3542381222311118, 1.3125688709930818e-06, 0.021431252211133275, 0.044017893719586684, 9.99999999998e-07], [0.5390145119778078, 0.38603405069723296, 0.0007354327264126584, 0.024263646514497743, 0.049951358084048936, 9.99999999998008e-07], [0.5855216879661619, 0.16505246083114522, 0.16971430218568914, 0.026585502215516848, 0.0531250429652885, 1.0038361982728929e-06], [0.9999950000250003, 9.999950000250002e-07, 9.999950000250002e-07, 9.999950000250002e-07, 9.999950000250002e-07, 9.999950000250002e-07], [0.6176080030749264, 0.14941572918999274, 0.16312825716422102, 0.022890063138646024, 0.04695693974521535, 1.0076869985110234e-06], [0.594675523662713, 0.32469806309599425, 0.012461236369113796, 0.018619288070870793, 0.04954488878659089, 1.0000147170824388e-06], [0.3209362323125404, 0.4975020140093737, 9.015726742149876e-05, 0.03656349371932927, 0.14490710269133508, 9.999999999980077e-07], [0.5243733517704011, 0.39979162573447635, 1.1678060772511802e-06, 0.025554039705319012, 0.050278814983726425, 9.999999999980003e-07], [0.5614971006264069, 0.36972700602648967, 9.99999999996e-07, 0.022491140325366723, 0.04628275302173663, 9.99999999996e-07], [0.6394513671053638, 0.30377055455486834, 9.999999999960003e-07, 0.017984032006948328, 0.03879204633281963, 9.999999999960003e-07], [0.7335703842995518, 0.22681361561263302, 9.99999999466862e-07, 0.013307021463419895, 0.02630697862439635, 9.99999999466862e-07], [0.7858598923863144, 0.18221396624059544, 9.999998625943987e-07, 0.010680489598316122, 0.021243651775048812, 9.999998625943987e-07], [0.7074051641875226, 0.25782695330389876, 9.999998620652608e-07, 0.010698409713871202, 0.024067472794983235, 9.999998620652608e-07], [0.07133608748692594, 0.25362220002536867, 9.999998620652604e-07, 0.014954795031104489, 0.6600849174568767, 9.999998620652604e-07], [0.6379634441757654, 0.3001538150595504, 9.999998620652608e-07, 0.018140812471561008, 0.04373992829339903, 9.999998620652608e-07], [0.610161246990769, 0.3283052254628545, 9.999998620652608e-07, 0.020539232043039018, 0.04099229550361332, 9.999998620652608e-07], [0.5968396017413493, 0.33867822055678426, 9.999998620652608e-07, 0.021628896844768413, 0.04285128085737376, 9.999998620652608e-07], [0.532680830161414, 0.3280380141197118, 9.999998620652608e-07, 0.020540901265784728, 0.11873825445336525, 9.999998620652608e-07], [0.6395878283759839, 0.30149366072742645, 9.999998620652608e-07, 0.018175344418400484, 0.04074116647846505, 9.999998620652608e-07], [0.5502369219202492, 0.3894764033708017, 9.99999862065261e-07, 0.019036669509201888, 0.04124800520002311, 9.99999862065261e-07], [0.5682632343498949, 0.376376436834121, 9.999998616043989e-07, 0.01812812240241681, 0.03723020641384403, 9.999998616043989e-07], [0.5939046851055102, 0.3641547773640071, 9.999997423929287e-07, 0.013624615012261738, 0.0283139225187362, 9.999997423929287e-07], [0.7125548007312029, 0.1878357693268437, 9.999997419320672e-07, 0.010989193824696798, 0.08861823611777277, 9.999997419320672e-07], [0.6774923014319965, 0.22401731191598748, 9.99999741932067e-07, 0.009417285243627251, 0.08907110140890492, 9.99999741932067e-07], [0.7393773010709769, 0.166019874304963, 9.99999741932067e-07, 0.0771645492024312, 0.017436275422144976, 9.99999741932067e-07], [0.7473954698187453, 0.21245073982836873, 9.99999742392929e-07, 0.013038148057580587, 0.02711364229582058, 9.99999742392929e-07], [0.642707890155947, 0.29968237809773407, 9.999998616043986e-07, 0.018131475873677194, 0.03947625587291863, 9.999998616043986e-07], [0.09713544918503107, 0.33575389476921763, 9.999998620652608e-07, 0.02095569435886029, 0.5461529616871669, 9.999998620652608e-07], [0.44361110939775245, 0.4899603461329765, 9.999998620652608e-07, 0.02163050072157087, 0.04479604374797601, 9.999998620652608e-07], [0.5326964563947901, 0.40424668348478804, 9.999998620652608e-07, 0.02054081853509928, 0.04251404158559843, 9.999998620652608e-07], [0.16482391727987897, 0.38169102601679017, 9.999998620652608e-07, 0.018842141842107255, 0.43464091486149947, 9.999998620652608e-07], [0.6306347584075747, 0.24800300094377678, 9.999998620652604e-07, 0.0902453382560002, 0.031114902392924124, 9.999998620652604e-07], [0.5677440694363649, 0.37658455633880844, 9.999998620652608e-07, 0.018429219435067486, 0.03724015479003499, 9.999998620652608e-07], [0.45891808882527724, 0.4792717239260358, 9.999998620652608e-07, 0.020831595557177323, 0.04097659169178545, 9.999998620652608e-07], [0.5208202663390441, 0.3388154383811202, 0.0005465344295636811, 0.09725741287974961, 0.04255934797059126, 9.999999310326294e-07], [0.6576207655081704, 0.13659599770907455, 0.1416760074630109, 0.020872455684985032, 0.04323376978379986, 1.0038509592580288e-06], [0.9999950000250003, 9.999950000250002e-07, 9.999950000250002e-07, 9.999950000250002e-07, 9.999950000250002e-07, 9.999950000250002e-07]], [[0.9999950000250003, 9.999950000250002e-07, 9.999950000250002e-07, 9.999950000250002e-07, 9.999950000250002e-07, 9.999950000250002e-07], [0.6341561940365515, 0.1444968322729943, 0.15391530469144568, 0.0215718150812838, 0.04585885006669608, 1.0038510284890597e-06], [0.10826128750571076, 0.37489809375571026, 0.0005937377582648537, 0.023114745078907047, 0.49313113590140717, 9.99999999998004e-07], [0.5560581048074019, 0.3702045395673205, 9.999999999960003e-07, 0.022525116183807998, 0.051210239441469664, 9.999999999960003e-07], [0.11544607987914163, 0.4102845966864807, 9.955030553196703e-05, 0.02594305324778303, 0.44822571988106263, 9.99999999998004e-07], [0.35924326660461803, 0.41101003745242065, 0.026145178942844113, 0.03323615679484052, 0.17036436019055962, 1.0000147170824393e-06], [0.5853726447751444, 0.16490687852765115, 0.16997994663643384, 0.02659908129443338, 0.053140441094282446, 1.007672054739096e-06], [0.9999950000250003, 9.999950000250002e-07, 9.999950000250002e-07, 9.999950000250002e-07, 9.999950000250002e-07, 9.999950000250002e-07], [0.6121586702828591, 0.1575200952189997, 0.15808468407643333, 0.023496878092550817, 0.0487386646571023, 1.007672054739096e-06], [0.5946900617644937, 0.32469777105946457, 0.012461025512577223, 0.018619232705750024, 0.0495309089429974, 1.000014717082439e-06], [0.5407132608820173, 0.38610079194847996, 0.0005565374823560436, 0.024226585073508403, 0.04840182461363836, 9.99999999998008e-07], [0.5806213049441893, 0.35392031592511813, 5.4038392661908915e-05, 0.02142116749114143, 0.04398217324688913, 9.999999999980037e-07], [0.6543964963597112, 0.2919251005539392, 1.1974252074603919e-06, 0.017266587146190705, 0.03640961851495148, 9.99999999998e-07], [0.6394035728543147, 0.3035954241179168, 9.99999999466862e-07, 0.01797383202815058, 0.03902517099961903, 9.99999999466862e-07], [0.07169107105385869, 0.2537933786400674, 9.999998625943987e-07, 0.014674368209880264, 0.6598391820964686, 9.999998625943987e-07], [0.7420947590240928, 0.2183072313217777, 9.999998620652608e-07, 0.012825679700879966, 0.026770329953525386, 9.999998620652608e-07], [0.7399002479773544, 0.21818078506328936, 9.99999862065261e-07, 0.012834372802929706, 0.029082594156702425, 9.99999862065261e-07], [0.0797440192954004, 0.27493071815420195, 9.999998620652608e-07, 0.016010776117475353, 0.6293124864331983, 9.999998620652608e-07], [0.49094944970073595, 0.4513646918341904, 9.99999862065261e-07, 0.018137319090316573, 0.03954653937503309, 9.99999862065261e-07], [0.6258350922084541, 0.31383617009116466, 9.999998620652608e-07, 0.019038046507907025, 0.041288691192749985, 9.999998620652608e-07], [0.08720429309144193, 0.30657943049385256, 9.999998620652608e-07, 0.018586234506767083, 0.5876280419082143, 9.999998620652608e-07], [0.09498856121755596, 0.487034721211801, 9.999998620652608e-07, 0.020958489652432605, 0.39701622791848634, 9.999998620652608e-07], [0.5192372468611167, 0.4149189553638678, 9.99999862065261e-07, 0.021922874068698327, 0.043918923706593054, 9.99999862065261e-07], [0.6101073506342112, 0.328142022854319, 9.999998616043986e-07, 0.02053043713825506, 0.041218189373491684, 9.999998616043986e-07], [0.626935930839903, 0.25777883764785425, 9.99999742392929e-07, 0.015565038329120129, 0.09971819318363787, 9.99999742392929e-07], [0.7466053011484765, 0.21292374925446605, 9.99999741932067e-07, 0.012774698230226277, 0.027694251367347454, 9.99999741932067e-07], [0.06345828557591056, 0.35413750570157304, 9.99999741932067e-07, 0.01258101957892295, 0.5698211891441096, 9.99999741932067e-07], [0.5319285889902442, 0.42430620595967866, 9.99999741932067e-07, 0.013577561812366551, 0.03018564323822669, 9.99999741932067e-07], [0.613890246505809, 0.2804121416286325, 9.99999742392929e-07, 0.08029244694435454, 0.02540316492171914, 9.99999742392929e-07], [0.6086729198387121, 0.2671202517786077, 9.999998616043986e-07, 0.016149212444844234, 0.10805561593811272, 9.999998616043986e-07], [0.6419727056598808, 0.3004024775957223, 9.999998620652608e-07, 0.018138456136007352, 0.03948436060866546, 9.999998620652608e-07], [0.6279719590921542, 0.3138157167814607, 9.999998620652608e-07, 0.01903640016874009, 0.03917392395792086, 9.999998620652608e-07], [0.6441907728418685, 0.3004161739453111, 9.999998620652608e-07, 0.018139292935881388, 0.03725176027721484, 9.999998620652608e-07], [0.6066073107219304, 0.34352073692039115, 9.999998620652604e-07, 0.01589795884168142, 0.033971993516272905, 9.999998620652604e-07], [0.607506991480762, 0.34384442724416225, 9.999998620652608e-07, 0.01619109334392876, 0.03245548793142298, 9.999998620652608e-07], [0.47484872571927633, 0.46524743982245526, 9.999998620652608e-07, 0.019050866290712384, 0.04085096816783192, 9.999998620652608e-07], [0.5940911745103447, 0.3405792902141121, 9.99999862065261e-07, 0.021641459605417114, 0.043686075670402044, 9.99999862065261e-07], [0.3480624924605483, 0.49715108270593167, 0.0005924740624492226, 0.03129372856605093, 0.12289922220508871, 9.999999310326294e-07], [0.17160204009477897, 0.21541045965529992, 0.15360500393910942, 0.021175654375745145, 0.4382058380841071, 1.0038509592580288e-06], [0.9999950000250003, 9.999950000250002e-07, 9.999950000250002e-07, 9.999950000250002e-07, 9.999950000250002e-07, 9.999950000250002e-07]], [[0.9999950000250003, 9.999950000250002e-07, 9.999950000250002e-07, 9.999950000250002e-07, 9.999950000250002e-07, 9.999950000250002e-07], [0.10861505164218348, 0.16237054751828345, 0.1701626339110908, 0.024281185881268944, 0.5345695771961447, 1.0038510284890597e-06], [0.5193117941103401, 0.3989834065697972, 0.0006563076769681149, 0.025558461838146335, 0.05548902980474829, 9.99999999998004e-07], [0.11244360627704549, 0.396182487601961, 9.99999999996e-07, 0.024773745968081982, 0.4665981601529115, 9.99999999996e-07], [0.5366653810346679, 0.38745348754630765, 1.3712490427983795e-06, 0.02428508202007999, 0.05159367814990193, 9.999999999980005e-07], [0.5247749069244333, 0.3991671059277874, 0.00016289547538971393, 0.025521500395286254, 0.05037259127710336, 9.999999999980077e-07], [0.60627313954071, 0.30976084200523024, 0.01754836384928625, 0.01919461602332616, 0.04722203856673019, 1.000014717082439e-06], [0.6630885042027082, 0.1441996476008967, 0.1329324582379535, 0.01794588021241969, 0.041832502073967166, 1.007672054739096e-06], [0.9999950000250003, 9.999950000250002e-07, 9.999950000250002e-07, 9.999950000250002e-07, 9.999950000250002e-07, 9.999950000250002e-07], [0.6198057942369123, 0.14938127120013375, 0.1630722778270295, 0.022877007999251513, 0.04486264104967444, 1.0076869985110234e-06], [0.6626683277875502, 0.14451322013751502, 0.13298444872038256, 0.017984368296768995, 0.04184863122158481, 1.003836198272893e-06], [0.689545867094132, 0.24483510493615632, 0.014230207189413188, 0.016924597876622705, 0.034463222888958846, 1.000014717082439e-06], [0.10224234097089982, 0.3606783161786432, 5.403839266190893e-05, 0.021910922686641736, 0.5151133817711534, 9.99999999998004e-07], [0.5577494181797129, 0.3698587223107796, 9.99999999466862e-07, 0.022481999127472736, 0.04990786038203595, 9.99999999466862e-07], [0.0870650003620102, 0.38164343139892226, 9.999998625943987e-07, 0.018563318431561837, 0.5127262498077806, 9.999998625943987e-07], [0.606374801098187, 0.3435115051263034, 9.999998620652604e-07, 0.015878343128288976, 0.03423335064749638, 9.999998620652604e-07], [0.6663081787320202, 0.29407208365438936, 9.99999862065261e-07, 0.012833856654401753, 0.026783880959464716, 9.99999862065261e-07], [0.6665835741057835, 0.29393870250692894, 9.999998620652608e-07, 0.01282585646358871, 0.026649866923974707, 9.999998620652608e-07], [0.6301185531465977, 0.32355361686876394, 9.999998620652608e-07, 0.014575511435539487, 0.03175031854937463, 9.999998620652608e-07], [0.6199065961167756, 0.3334708988360559, 9.999998620652604e-07, 0.015251024364529278, 0.03136948068291508, 9.999998620652604e-07], [0.6242675069117826, 0.31356817047548247, 9.999998620652608e-07, 0.01903964905727369, 0.04312267355573711, 9.999998620652608e-07], [0.5192217949504642, 0.41491799518616773, 9.999998620652608e-07, 0.021922886411228634, 0.04393532345241522, 9.999998620652608e-07], [0.3496089330265247, 0.42211899425452365, 9.999998620652608e-07, 0.10661962542306712, 0.12165044729616038, 9.999998620652608e-07], [0.5967879738939418, 0.33821441550769915, 9.999998616043989e-07, 0.021910856774684906, 0.04308475382395102, 9.999998616043989e-07], [0.6121485764292476, 0.2698737463465075, 9.99999742392929e-07, 0.01659915473958095, 0.10137652248517917, 9.99999742392929e-07], [0.45783380984941136, 0.43291496521276784, 9.99999741932067e-07, 0.08114242293863969, 0.028106801999697256, 9.99999741932067e-07], [0.48665241243318863, 0.46171031222510944, 9.999997419320668e-07, 0.0160767476037731, 0.03555852773844487, 9.999997419320668e-07], [0.14587606469548156, 0.41029106914333663, 9.99999741932067e-07, 0.017037565288826537, 0.42679330087287143, 9.99999741932067e-07], [0.5574055908558228, 0.32552845904142713, 9.99999742392929e-07, 0.08332467175950677, 0.033739278343758644, 9.99999742392929e-07], [0.681323420616212, 0.2682806599153035, 9.999998616043986e-07, 0.01614888264769279, 0.03424503682106853, 9.999998616043986e-07], [0.5575819975897779, 0.39852620716868636, 9.999998620652608e-07, 0.014606759136818775, 0.029283036104992877, 9.999998620652608e-07], [0.6177979108589967, 0.33377563109325825, 9.999998620652608e-07, 0.015251724034640904, 0.03317273401338, 9.999998620652608e-07], [0.6949790658119058, 0.25870893271727996, 9.999998620652608e-07, 0.015250133880856647, 0.031059867590233527, 9.999998620652608e-07], [0.6327776999652253, 0.3233186419298187, 9.99999862065261e-07, 0.014615377196637021, 0.02928628090859505, 9.99999862065261e-07], [0.5663410466799571, 0.37661870638662703, 9.99999862065261e-07, 0.01813851237444213, 0.03889973455924973, 9.99999862065261e-07], [0.09437235150024091, 0.4130043564155162, 9.999998620652608e-07, 0.020967606232234755, 0.471653685852284, 9.999998620652608e-07], [0.1228345194970709, 0.5183293852194967, 9.999998620652608e-07, 0.023840015104391172, 0.3349940801793173, 9.999998620652608e-07], [0.4655152637186358, 0.4585773259581569, 0.0008402325954829824, 0.024724850892217955, 0.05034132683557542, 9.999999310326296e-07], [0.5075783766796605, 0.21296809992840451, 0.2179396640537585, 0.020596142511072495, 0.04091671297614459, 1.0038509592580288e-06], [0.9999950000250003, 9.999950000250002e-07, 9.999950000250002e-07, 9.999950000250002e-07, 9.999950000250002e-07, 9.999950000250002e-07]], [[0.9999950000250003, 9.999950000250002e-07, 9.999950000250002e-07, 9.999950000250002e-07, 9.999950000250002e-07, 9.999950000250002e-07], [0.5855460030419016, 0.16876290235482147, 0.17039951430982359, 0.02528576082668337, 0.050004815615741306, 1.0038510284890595e-06], [0.3222001843083428, 0.49714094160672656, 0.0006572199245806754, 0.03661449475389118, 0.14338615940645869, 9.999999999980037e-07], [0.5210729156406365, 0.39986111158550197, 9.99999999996e-07, 0.025557983586075556, 0.05350598918778597, 9.99999999996e-07], [0.5610310607487925, 0.3701067839490138, 9.999999999959998e-07, 0.0225193325789366, 0.04634082272325689, 9.999999999959998e-07], [0.5611915990563783, 0.36997959091430954, 1.244885367893403e-06, 0.022508399342270283, 0.046318165801674145, 9.999999999980003e-07], [0.5787638794310253, 0.3539505517674181, 0.0001173835625196556, 0.021424125284306934, 0.045743059954730034, 9.999999999980075e-07], [0.6916017661992959, 0.2447541850625433, 0.014111161492576598, 0.016906841284919264, 0.03262504594594779, 1.0000147170824388e-06], [0.7185291608763013, 0.1301822127862277, 0.10177485181921707, 0.013827772063354938, 0.035684994782844245, 1.0076720547390957e-06], [0.9999950000250003, 9.999950000250002e-07, 9.999950000250002e-07, 9.999950000250002e-07, 9.999950000250002e-07, 9.999950000250002e-07], [0.9999950000250003, 9.999950000250002e-07, 9.999950000250002e-07, 9.999950000250002e-07, 9.999950000250002e-07, 9.999950000250002e-07], [0.661002378872471, 0.14454748464271527, 0.13298444872038254, 0.01798628515559309, 0.04347839877263972, 1.003836198272893e-06], [0.1114280278821273, 0.39493014197558657, 0.0005565374823560434, 0.02472052530149565, 0.46836376735843444, 9.999999999980077e-07], [0.5229815058448823, 0.3995997364802326, 1.1675415078990653e-06, 0.025541646284846026, 0.051874943848531196, 9.99999999733431e-07], [0.6074608988735821, 0.32914630117604315, 9.999998625943987e-07, 0.020555882633059245, 0.042834917317590294, 9.999998625943987e-07], [0.4908108354786119, 0.4513640064170543, 9.999998620652608e-07, 0.01813714484531217, 0.039686013259297465, 9.999998620652608e-07], [0.070775786614466, 0.2542078699510944, 9.999998620652608e-07, 0.014662408111099662, 0.6603519353236159, 9.999998620652608e-07], [0.7823998224825592, 0.18278297153424272, 9.999998620652608e-07, 0.010696792794912225, 0.02411841318856176, 9.999998620652608e-07], [0.050222904940411275, 0.2587364579701008, 9.999998620652608e-07, 0.010809749782241885, 0.680228887307522, 9.999998620652608e-07], [0.6265074426522315, 0.2473800873539372, 9.999998620652604e-07, 0.014577769051851873, 0.11153270094225522, 9.999998620652604e-07], [0.16276925304946688, 0.3060938069938294, 9.999998620652608e-07, 0.018550244146135306, 0.5125846958108444, 9.999998620652608e-07], [0.5323881845342094, 0.4039544950062963, 9.999998620652604e-07, 0.020541958660099332, 0.043113361799670596, 9.999998620652604e-07], [0.5188517137781335, 0.33869758813677353, 9.99999862065261e-07, 0.021923295545738065, 0.12052540253963076, 9.99999862065261e-07], [0.5323588447715454, 0.3283924986843412, 9.999998616043989e-07, 0.02053204129315994, 0.1187146152512303, 9.999998616043989e-07], [0.55839239010107, 0.39347728188829356, 9.99999742392929e-07, 0.01557677051674348, 0.03255155749440819, 9.99999742392929e-07], [0.5558129652569337, 0.393838384681028, 9.99999741932067e-07, 0.01608815960733753, 0.03425849045521703, 9.99999741932067e-07], [0.5274393589108698, 0.3509115529612284, 9.99999741932067e-07, 0.08511654803349085, 0.0365305400949271, 9.99999741932067e-07], [0.08477168301170908, 0.5013373482808398, 9.99999741932067e-07, 0.019363741494771443, 0.3945252272131959, 9.99999741932067e-07], [0.5928737774704391, 0.2836578872347085, 9.99999742392929e-07, 0.01788753949339332, 0.10557879580197436, 9.99999742392929e-07], [0.08962528151944059, 0.4569305305739401, 9.999998616043986e-07, 0.018544536070494715, 0.43489765183640144, 9.999998616043986e-07], [0.6777936323725074, 0.26835538266841097, 9.999998620652604e-07, 0.015908670767544462, 0.03794031419181286, 9.999998620652604e-07], [0.08913783484108868, 0.3063975030806528, 9.999998620652608e-07, 0.018552215342921154, 0.5859104467356132, 9.999998620652608e-07], [0.4751640431563788, 0.46450852631852546, 9.999998620652608e-07, 0.01903799026947225, 0.041287440255899324, 9.999998620652608e-07], [0.6434488125138129, 0.30113418365566036, 9.999998620652608e-07, 0.018148928941598787, 0.03726607488920379, 9.999998620652608e-07], [0.551852189551307, 0.38960792834525365, 9.999998620652608e-07, 0.019047593324930723, 0.03949028877878443, 9.999998620652608e-07], [0.4427224235641909, 0.4908423979200192, 9.999998620652608e-07, 0.0219229023342295, 0.04451027618183627, 9.999998620652608e-07], [0.27023179518448515, 0.4987680740979496, 9.99999862065261e-07, 0.10662831364538033, 0.12436981707246096, 9.99999862065261e-07], [0.17403575486059547, 0.3479173577854747, 0.0008261459991115136, 0.022278773611475806, 0.4549409677434115, 9.999999310326294e-07], [0.5996844580594445, 0.12704805033119257, 0.21428184295418334, 0.019403664887307704, 0.03958097991691245, 1.003850959258029e-06], [0.9999950000250003, 9.999950000250002e-07, 9.999950000250002e-07, 9.999950000250002e-07, 9.999950000250002e-07, 9.999950000250002e-07]], [[0.9999950000250003, 9.999950000250002e-07, 9.999950000250002e-07, 9.999950000250002e-07, 9.999950000250002e-07, 9.999950000250002e-07], [0.6007974802096808, 0.16102215756014723, 0.16737056177369633, 0.024315761777695014, 0.04649303482775206, 1.0038510284890597e-06], [0.5212003864848199, 0.39897808485527436, 0.0006455551573208132, 0.025558586606685398, 0.053616386895899495, 9.99999999998004e-07], [0.11083246396414788, 0.3960231848581759, 9.999999999939704e-07, 0.024760654403590356, 0.468381696774086, 9.999999999939704e-07], [0.5781934076426088, 0.35470083393968077, 9.999999994688919e-07, 0.02144404156017349, 0.045659716857538044, 9.999999994688919e-07], [0.5766588835210968, 0.3544669291545623, 9.99999999466862e-07, 0.021448430918301464, 0.04742375640604049, 9.99999999466862e-07], [0.1078728153818806, 0.3758957437177292, 1.197160638098481e-06, 0.0231082874241539, 0.49312095631559855, 9.999999997334313e-07], [0.579279677324445, 0.35354036915109543, 0.00010464482396211473, 0.021407918584110237, 0.04566639011638751, 9.999999997334387e-07], [0.6918921050615477, 0.24471347595343967, 0.013981436379514052, 0.016879203432750633, 0.032532779158031086, 1.0000147168178622e-06], [0.7490269773011125, 0.11157985727983645, 0.09911850044021053, 0.01401933006408382, 0.026254327227758487, 1.0076869982423706e-06], [0.9999950000250003, 9.999950000250002e-07, 9.999950000250002e-07, 9.999950000250002e-07, 9.999950000250002e-07, 9.999950000250002e-07], [0.6197996001733338, 0.1493808025207891, 0.16307293162590383, 0.02287694017262525, 0.04486871782034953, 1.0076869985089621e-06], [0.5932287387397754, 0.32465031577840425, 0.012398355638050036, 0.01860995265720821, 0.05111163717184517, 1.000014716818877e-06], [0.3227063844541439, 0.496804213899928, 0.0005980859203711358, 0.03656208610955087, 0.14332822961600675, 9.999999994690005e-07], [0.5217997555345968, 0.41391422855697024, 4.903854417068698e-05, 0.021625085688805, 0.04261089167552625, 9.999999310666363e-07], [0.6249904746321111, 0.31420164756766916, 1.1085408080997882e-06, 0.01902763044557055, 0.041778138813910404, 9.999999308021947e-07], [0.07452132692338007, 0.2653309825706337, 9.999998616043986e-07, 0.015527631443875466, 0.6446180590623876, 9.999998616043986e-07], [0.6982728156893471, 0.19251966470680307, 9.999998616043986e-07, 0.011247687292417841, 0.09795783231170888, 9.999998616043986e-07], [0.8146840624638964, 0.15525549191239624, 9.999998616061668e-07, 0.009077418991246653, 0.020981026632737633, 9.999998616061668e-07], [0.06057457965548042, 0.2977355185007319, 9.999998620634928e-07, 0.012986555697224962, 0.6287013461468388, 9.999998620634928e-07], [0.07350404463255879, 0.350320637031556, 9.999998620652608e-07, 0.01601370172871338, 0.5601596166074477, 9.999998620652608e-07], [0.5642010048141957, 0.37633829348528264, 9.99999862065261e-07, 0.018139353264202886, 0.04131934843659482, 9.99999862065261e-07], [0.09083206419938147, 0.31855500379292495, 9.999998620652608e-07, 0.019561881617887116, 0.5710490503900824, 9.999998620652608e-07], [0.08518538913990807, 0.3818238