{"prediction": [[[0.992152686295392, 0.0015694627409215901, 0.0015694627409215901, 0.0015694627409215901, 0.0015694627409215901, 0.0015694627409215901], [0.992152686295392, 0.0015694627409215901, 0.0015694627409215901, 0.0015694627409215901, 0.0015694627409215901, 0.0015694627409215901], [0.992152686295392, 0.0015694627409215901, 0.0015694627409215901, 0.0015694627409215901, 0.0015694627409215901, 0.0015694627409215901], [0.992152686295392, 0.0015694627409215901, 0.0015694627409215901, 0.0015694627409215901, 0.0015694627409215901, 0.0015694627409215901], [0.992152686295392, 0.0015694627409215901, 0.0015694627409215901, 0.0015694627409215901, 0.0015694627409215901, 0.0015694627409215901], [0.992152686295392, 0.0015694627409215901, 0.0015694627409215901, 0.0015694627409215901, 0.0015694627409215901, 0.0015694627409215901], [0.992152686295392, 0.0015694627409215901, 0.0015694627409215901, 0.0015694627409215901, 0.0015694627409215901, 0.0015694627409215901], [0.992152686295392, 0.0015694627409215901, 0.0015694627409215901, 0.0015694627409215901, 0.0015694627409215901, 0.0015694627409215901], [0.992152686295392, 0.0015694627409215901, 0.0015694627409215901, 0.0015694627409215901, 0.0015694627409215901, 0.0015694627409215901], [0.992152686295392, 0.0015694627409215901, 0.0015694627409215901, 0.0015694627409215901, 0.0015694627409215901, 0.0015694627409215901], [0.992152686295392, 0.0015694627409215901, 0.0015694627409215901, 0.0015694627409215901, 0.0015694627409215901, 0.0015694627409215901], [0.992152686295392, 0.0015694627409215901, 0.0015694627409215901, 0.0015694627409215901, 0.0015694627409215901, 0.0015694627409215901], [0.992152686295392, 0.0015694627409215901, 0.0015694627409215901, 0.0015694627409215901, 0.0015694627409215901, 0.0015694627409215901], [0.992152686295392, 0.0015694627409215901, 0.0015694627409215901, 0.0015694627409215901, 0.0015694627409215901, 0.0015694627409215901], [0.992152686295392, 0.0015694627409215901, 0.0015694627409215901, 0.0015694627409215901, 0.0015694627409215901, 0.0015694627409215901], [0.992152686295392, 0.0015694627409215901, 0.0015694627409215901, 0.0015694627409215901, 0.0015694627409215901, 0.0015694627409215901], [0.992152686295392, 0.0015694627409215901, 0.0015694627409215901, 0.0015694627409215901, 0.0015694627409215901, 0.0015694627409215901], [0.992152686295392, 0.0015694627409215901, 0.0015694627409215901, 0.0015694627409215901, 0.0015694627409215901, 0.0015694627409215901], [0.992152686295392, 0.0015694627409215901, 0.0015694627409215901, 0.0015694627409215901, 0.0015694627409215901, 0.0015694627409215901], [0.992152686295392, 0.0015694627409215901, 0.0015694627409215901, 0.0015694627409215901, 0.0015694627409215901, 0.0015694627409215901], [0.992152686295392, 0.0015694627409215901, 0.0015694627409215901, 0.0015694627409215901, 0.0015694627409215901, 0.0015694627409215901], [0.992152686295392, 0.0015694627409215901, 0.0015694627409215901, 0.0015694627409215901, 0.0015694627409215901, 0.0015694627409215901], [0.992152686295392, 0.0015694627409215901, 0.0015694627409215901, 0.0015694627409215901, 0.0015694627409215901, 0.0015694627409215901], [0.992152686295392, 0.0015694627409215901, 0.0015694627409215901, 0.0015694627409215901, 0.0015694627409215901, 0.0015694627409215901], [0.992152686295392, 0.0015694627409215901, 0.0015694627409215901, 0.0015694627409215901, 0.0015694627409215901, 0.0015694627409215901], [0.992152686295392, 0.0015694627409215901, 0.0015694627409215901, 0.0015694627409215901, 0.0015694627409215901, 0.0015694627409215901], [0.992152686295392, 0.0015694627409215901, 0.0015694627409215901, 0.0015694627409215901, 0.0015694627409215901, 0.0015694627409215901], [0.992152686295392, 0.0015694627409215901, 0.0015694627409215901, 0.0015694627409215901, 0.0015694627409215901, 0.0015694627409215901], [0.992152686295392, 0.0015694627409215901, 0.0015694627409215901, 0.0015694627409215901, 0.0015694627409215901, 0.0015694627409215901], [0.992152686295392, 0.0015694627409215901, 0.0015694627409215901, 0.0015694627409215901, 0.0015694627409215901, 0.0015694627409215901], [0.992152686295392, 0.0015694627409215901, 0.0015694627409215901, 0.0015694627409215901, 0.0015694627409215901, 0.0015694627409215901], [0.992152686295392, 0.0015694627409215901, 0.0015694627409215901, 0.0015694627409215901, 0.0015694627409215901, 0.0015694627409215901], [0.992152686295392, 0.0015694627409215901, 0.0015694627409215901, 0.0015694627409215901, 0.0015694627409215901, 0.0015694627409215901], [0.992152686295392, 0.0015694627409215901, 0.0015694627409215901, 0.0015694627409215901, 0.0015694627409215901, 0.0015694627409215901], [0.992152686295392, 0.0015694627409215901, 0.0015694627409215901, 0.0015694627409215901, 0.0015694627409215901, 0.0015694627409215901], [0.992152686295392, 0.0015694627409215901, 0.0015694627409215901, 0.0015694627409215901, 0.0015694627409215901, 0.0015694627409215901], [0.992152686295392, 0.0015694627409215901, 0.0015694627409215901, 0.0015694627409215901, 0.0015694627409215901, 0.0015694627409215901], [0.992152686295392, 0.0015694627409215901, 0.0015694627409215901, 0.0015694627409215901, 0.0015694627409215901, 0.0015694627409215901], [0.992152686295392, 0.0015694627409215901, 0.0015694627409215901, 0.0015694627409215901, 0.0015694627409215901, 0.0015694627409215901], [0.992152686295392, 0.0015694627409215901, 0.0015694627409215901, 0.0015694627409215901, 0.0015694627409215901, 0.0015694627409215901]], [[0.992152686295392, 0.0015694627409215901, 0.0015694627409215901, 0.0015694627409215901, 0.0015694627409215901, 0.0015694627409215901], [0.8830052318082263, 0.05763895879033246, 0.038820947406831674, 0.007852574624991388, 0.011050700765910545, 0.001631586603707807], [0.8634145897424064, 0.06540933897343823, 0.047185467684376634, 0.008801664068888984, 0.013557352927175394, 0.0016315866037145206], [0.8588295626617937, 0.06756793701449931, 0.04880558332217633, 0.009141272030250482, 0.014024058367563345, 0.0016315866037169755], [0.8651417085543801, 0.06508234341004641, 0.04604495490343971, 0.008800639107475564, 0.013298767420930214, 0.001631586603728095], [0.8789879980983146, 0.05887191472427927, 0.04121682380979184, 0.00784552202171313, 0.011446154742185235, 0.0016315866037157948], [0.8648782862055067, 0.06510365747917903, 0.04641671292667237, 0.008861981349888389, 0.013107775435026926, 0.0016315866037265743], [0.8604045572057669, 0.06734865859912238, 0.04745023117525155, 0.00926096264531033, 0.01390400377082886, 0.0016315866037197736], [0.8652087670324775, 0.06514558200301944, 0.045652335193434895, 0.008946454625603832, 0.013415274541744633, 0.001631586603719578], [0.8423209503797737, 0.0765628217558329, 0.05024969850779332, 0.0114092750361511, 0.017825667716740035, 0.0016315866037091046], [0.992152686295392, 0.0015694627409215901, 0.0015694627409215901, 0.0015694627409215901, 0.0015694627409215901, 0.0015694627409215901], [0.992152686295392, 0.0015694627409215901, 0.0015694627409215901, 0.0015694627409215901, 0.0015694627409215901, 0.0015694627409215901], [0.11444641376719784, 0.14488699569834723, 0.11970631552984114, 0.026110135199686163, 0.5932185532012202, 0.0016315866037075162], [0.6315772389655796, 0.15535023084054161, 0.13213777984151548, 0.023979184029072155, 0.0553239797195835, 0.0016315866037076372], [0.11540897454344183, 0.1446085762199503, 0.11922616697994515, 0.026076083370735227, 0.5930486122822201, 0.0016315866037075158], [0.7107704808877032, 0.12634334925792776, 0.09954848518329175, 0.019327788690618863, 0.042378309376740426, 0.001631586603718059], [0.7392859176374583, 0.11516429899715337, 0.08902899607147172, 0.01762826830183496, 0.03726093238835495, 0.0016315866037267198], [0.0984722984951009, 0.1631532631322381, 0.1626310095601202, 0.025658808571940202, 0.548453033636893, 0.0016315866037075154], [0.5364143660644992, 0.17911117653963823, 0.2011005715309249, 0.02917574459564265, 0.05256655466515589, 0.0016315866041390777], [0.5153275243752098, 0.1902846340965151, 0.20436095622732606, 0.03121045128380226, 0.05718484740924608, 0.0016315866079006753], [0.5386890532377229, 0.1783375928967857, 0.199577616140297, 0.0291166016033324, 0.05264754951397599, 0.0016315866078859458], [0.606868325320304, 0.15733737952607815, 0.16443969723213364, 0.024854097997805354, 0.044868913319392426, 0.001631586604286449], [0.07039249976957693, 0.12663214019351401, 0.1133677256123879, 0.01812609651254839, 0.6698499513082652, 0.0016315866037075158], [0.050739095260486464, 0.09980213502051628, 0.07775498987234547, 0.012874229214277512, 0.7571979640286667, 0.0016315866037075158], [0.7083451779820591, 0.1259946806713084, 0.11228727579685764, 0.01880801144510964, 0.03293326750072896, 0.0016315866039362454], [0.6066233840194325, 0.1574933031272209, 0.16448206756183378, 0.024882043570094412, 0.04488761511713693, 0.001631586604281479], [0.12041320242026621, 0.18994332770590577, 0.2066995721504715, 0.03087297091758743, 0.45043934020206167, 0.0016315866037075162], [0.5114372020286417, 0.19058142763395236, 0.20898023648399985, 0.03105249735139673, 0.056317049898072666, 0.0016315866039366053], [0.5344629675372422, 0.17961196592158385, 0.20262831320726354, 0.02917081228615661, 0.052494354439771684, 0.0016315866079822203], [0.6063322085129091, 0.1578685274115583, 0.16398443403410995, 0.024926110827122625, 0.04525713260878233, 0.0016315866055177295], [0.7098352584246644, 0.12539547206308888, 0.11092623640742312, 0.01877291713473525, 0.03343852936498091, 0.0016315866051073622], [0.8222230653733367, 0.08421638495323329, 0.057645976922247336, 0.012492642340937776, 0.021790343806450688, 0.0016315866037943062], [0.870055393492456, 0.06465742800031667, 0.041085045209556345, 0.009368502455084478, 0.013202044238875794, 0.0016315866037105798], [0.992152686295392, 0.0015694627409215901, 0.0015694627409215901, 0.0015694627409215901, 0.0015694627409215901, 0.0015694627409215901], [0.8268652354297233, 0.08282028783894158, 0.055776014302369836, 0.012219794401338262, 0.020687081423902, 0.001631586603725093], [0.7418669580823004, 0.11397781537770182, 0.09885796856062731, 0.016556179577321792, 0.027109491798305067, 0.0016315866037437334], [0.0670473513461689, 0.12747467708994875, 0.11598611789259333, 0.017932614256899574, 0.669927652810682, 0.0016315866037075158], [0.6918262731730844, 0.13138039804474483, 0.12164919744312638, 0.0194635320026773, 0.0340490127326071, 0.0016315866037600864], [0.7367130966504266, 0.11686484218139873, 0.09141540797329133, 0.017389675601156233, 0.03598539098998592, 0.0016315866037412256], [0.992152686295392, 0.0015694627409215901, 0.0015694627409215901, 0.0015694627409215901, 0.0015694627409215901, 0.0015694627409215901]], [[0.992152686295392, 0.0015694627409215901, 0.0015694627409215901, 0.0015694627409215901, 0.0015694627409215901, 0.0015694627409215901], [0.8139674568451709, 0.08632271799364019, 0.0669065532137624, 0.012090079536356022, 0.019081605807340755, 0.0016315866037296522], [0.788086687691026, 0.16663915148724384, 0.0016155988519132556, 0.016036233128308066, 0.026006729989595776, 0.0016155988519132556], [0.7778408699152074, 0.1742582580239583, 0.001615598852088958, 0.016916173445602922, 0.027753500911053563, 0.001615598852088958], [0.7883970314937867, 0.16604616726241903, 0.0016155988517224194, 0.01606605911239244, 0.026259544427956957, 0.0016155988517224194], [0.8156908989276461, 0.14551916218035316, 0.0016155988559476762, 0.013732408681033882, 0.02182633249907147, 0.0016155988559476762], [0.05652759452021426, 0.16929855814916547, 0.0016155988449297004, 0.016112272476208063, 0.7548303771645527, 0.0016155988449297004], [0.777782262703654, 0.1737766250741364, 0.0016155988543605406, 0.017039362026013766, 0.02817055248747468, 0.0016155988543605406], [0.7876022716112699, 0.16661292776537603, 0.0016155988549136067, 0.016218364808924333, 0.02633523810460251, 0.0016155988549136067], [0.04483222615790796, 0.0935199427673043, 0.06490756398104591, 0.010624102868037135, 0.7844845776219971, 0.0016315866037075158], [0.992152686295392, 0.0015694627409215901, 0.0015694627409215901, 0.0015694627409215901, 0.0015694627409215901, 0.0015694627409215901], [0.992152686295392, 0.0015694627409215901, 0.0015694627409215901, 0.0015694627409215901, 0.0015694627409215901, 0.0015694627409215901], [0.992152686295392, 0.0015694627409215901, 0.0015694627409215901, 0.0015694627409215901, 0.0015694627409215901, 0.0015694627409215901], [0.992152686295392, 0.0015694627409215901, 0.0015694627409215901, 0.0015694627409215901, 0.0015694627409215901, 0.0015694627409215901], [0.992152686295392, 0.0015694627409215901, 0.0015694627409215901, 0.0015694627409215901, 0.0015694627409215901, 0.0015694627409215901], [0.992152686295392, 0.0015694627409215901, 0.0015694627409215901, 0.0015694627409215901, 0.0015694627409215901, 0.0015694627409215901], [0.6933092720247941, 0.13513977488429002, 0.10990245187134903, 0.018243729426693667, 0.041773185189113854, 0.001631586603759296], [0.13508655485882728, 0.31097617331247124, 0.0016155988449311238, 0.029881933841230602, 0.5208241402976086, 0.0016155988449311238], [0.5314172496774859, 0.36639020030826625, 0.0016155988469619914, 0.031764549394923146, 0.0671968029254009, 0.0016155988469619914], [0.3391050765751081, 0.46039915027140144, 0.0016155992001840095, 0.03904331033379759, 0.15822126441932485, 0.0016155992001840095], [0.14935348795537673, 0.37617150484623585, 0.0016155988449277636, 0.03275550089095219, 0.4384883086175797, 0.0016155988449277636], [0.5996487535797629, 0.3094133699425315, 0.0016155988625771642, 0.028447686714658055, 0.05925899203789346, 0.0016155988625771642], [0.6921768768859592, 0.2377333917777942, 0.0016155988550364006, 0.022718616544492393, 0.0441399170816815, 0.0016155988550364006], [0.06139335306279821, 0.177852318395252, 0.0016155988449297238, 0.017027751929742405, 0.740495378922348, 0.0016155988449297238], [0.6918863766276863, 0.23856586185477327, 0.0016155988573775151, 0.022716888491830917, 0.043599675310954565, 0.0016155988573775151], [0.6007366031710952, 0.30831650920925824, 0.0016155988621057006, 0.028431386545929107, 0.05928430334950612, 0.0016155988621057006], [0.14867750521454712, 0.3786398335655662, 0.0016155988449271658, 0.03271640876160203, 0.43673505476843055, 0.0016155988449271658], [0.33818727506967816, 0.4616652035396638, 0.0016155993051709568, 0.03905580439075199, 0.15786051838956425, 0.0016155993051709568], [0.14867422156136406, 0.37889573280219374, 0.0016155988449271833, 0.03277895529274338, 0.4364198926538444, 0.0016155988449271833], [0.5998269922624409, 0.30919580633652677, 0.0016155988570009697, 0.02840922104115861, 0.05933678264587175, 0.0016155988570009697], [0.7115895103860637, 0.21931428710744535, 0.013050327565996002, 0.01843647020666389, 0.03599380466868185, 0.0016156000651492708], [0.7643538383276122, 0.10333283248074926, 0.08539640369080288, 0.015888179641927926, 0.029397159255072556, 0.001631586603835208], [0.992152686295392, 0.0015694627409215901, 0.0015694627409215901, 0.0015694627409215901, 0.0015694627409215901, 0.0015694627409215901], [0.992152686295392, 0.0015694627409215901, 0.0015694627409215901, 0.0015694627409215901, 0.0015694627409215901, 0.0015694627409215901], [0.736798369699397, 0.1157292893661825, 0.09513218093800888, 0.016676953458387753, 0.03403161993283307, 0.001631586605190758], [0.6739711586276653, 0.25283474598840255, 0.001615598858007462, 0.0237094683682365, 0.04625342929968064, 0.001615598858007462], [0.12358633382927647, 0.29710660482565826, 0.0016155988449310804, 0.028009390401045744, 0.5480664732541572, 0.0016155988449310804], [0.5994073004277882, 0.3097274149911833, 0.0016155988580169806, 0.0283911728338533, 0.0592429140311413, 0.0016155988580169806], [0.6065745285307961, 0.15787411456275602, 0.1638163766785211, 0.024808881064584492, 0.04529451255834987, 0.0016315866049926183], [0.992152686295392, 0.0015694627409215901, 0.0015694627409215901, 0.0015694627409215901, 0.0015694627409215901, 0.0015694627409215901]], [[0.992152686295392, 0.0015694627409215901, 0.0015694627409215901, 0.0015694627409215901, 0.0015694627409215901, 0.0015694627409215901], [0.7434828288766918, 0.11371624149200286, 0.0972699444081258, 0.016523857087073157, 0.027375541532262546, 0.0016315866038438172], [0.7060500367509478, 0.2285881145557913, 0.0016155988544559055, 0.02169993498991461, 0.04043071599443447, 0.0016155988544559055], [0.6926624441298554, 0.23760969455597983, 0.001615598845104279, 0.022818629732096068, 0.04367803389186014, 0.001615598845104279], [0.7072260083456823, 0.22632540522364802, 0.0016155988450052656, 0.02189950296673305, 0.04131788577392618, 0.0016155988450052656], [0.7441888634297814, 0.19813954498403535, 0.0016155988449699124, 0.019468145126411623, 0.03497224876983186, 0.0016155988449699124], [0.7077937369796249, 0.22525445969298177, 0.0016155988449559403, 0.02193186109247574, 0.04178874454500581, 0.0016155988449559403], [0.10044816762219819, 0.23934388117693714, 0.0016155988449268787, 0.023228818781820492, 0.6337479347291904, 0.0016155988449268787], [0.7067708425665945, 0.22652712467574249, 0.0016155988464760071, 0.021894940991847484, 0.04157589407286348, 0.0016155988464760071], [0.7602398570641827, 0.1820170321802262, 0.012570543415374147, 0.015152792599370453, 0.02840417468887137, 0.001615600051975231], [0.07513910926831086, 0.1307903128052059, 0.1197505188123632, 0.019224092536358667, 0.6534643799740539, 0.0016315866037075145], [0.992152686295392, 0.0015694627409215901, 0.0015694627409215901, 0.0015694627409215901, 0.0015694627409215901, 0.0015694627409215901], [0.15469778197736517, 0.2056422773706347, 0.18416200672134578, 0.03754676190973504, 0.4163195854172118, 0.001631586603707515], [0.33891847218856486, 0.18763305214884504, 0.27678224652600203, 0.03828353620488954, 0.15675110632799094, 0.001631586603707515], [0.15593562626733337, 0.2057980015571709, 0.17672410420582166, 0.037807185766130784, 0.42210349559983557, 0.001631586603707515], [0.992152686295392, 0.0015694627409215901, 0.0015694627409215901, 0.0015694627409215901, 0.0015694627409215901, 0.0015694627409215901], [0.6740720098663198, 0.13711570335504025, 0.12845142834286286, 0.02093152555952667, 0.037797746272407826, 0.001631586603842558], [0.12531450224522755, 0.2980406525253214, 0.0016155988449309637, 0.028208766070054715, 0.5452048814695345, 0.0016155988449309637], [0.13997535009765888, 0.3566650671262727, 0.0016155988449268802, 0.03192979373846249, 0.4681985913477521, 0.0016155988449268802], [0.5284050583573765, 0.36871965283450087, 0.0016155988469234894, 0.03201689671174253, 0.067627194402533, 0.0016155988469234894], [0.554263194184646, 0.34810284161567767, 0.001615598846253999, 0.030799843228826135, 0.06360292327834244, 0.001615598846253999], [0.6205123013395495, 0.2931755027735956, 0.00161559884509584, 0.02725610646205682, 0.05582489173460645, 0.00161559884509584], [0.7065378098861905, 0.22603715896888965, 0.0016155988449937173, 0.02199919903486636, 0.04219463442006598, 0.0016155988449937173], [0.744583396284228, 0.19765384467993033, 0.0016155988452120496, 0.019412047754812957, 0.03511951359060473, 0.0016155988452120496], [0.6755286818332839, 0.2501072153013856, 0.0016155988467798413, 0.02396893576759676, 0.047163969404174166, 0.0016155988467798413], [0.6195898112693734, 0.293503318432962, 0.0016155988455131554, 0.027353469667368985, 0.05632220293926948, 0.0016155988455131554], [0.5543387968289083, 0.34834423802554765, 0.0016155988452872898, 0.030649053930938745, 0.06343671352403076, 0.0016155988452872898], [0.14809738513739001, 0.38205063173132836, 0.001615598844926879, 0.03294296245643057, 0.43367782298499724, 0.001615598844926879], [0.5525844108440324, 0.35046293367495684, 0.0016155988469546472, 0.030608119082225674, 0.06311333870487576, 0.0016155988469546472], [0.11384656596373345, 0.28228373448664096, 0.01055626741281996, 0.024911235917323946, 0.5667865973683359, 0.001615598851145606], [0.07050172599822963, 0.12148329204550284, 0.10525666914553815, 0.015302267648955339, 0.6858244585580666, 0.0016315866037075158], [0.992152686295392, 0.0015694627409215901, 0.0015694627409215901, 0.0015694627409215901, 0.0015694627409215901, 0.0015694627409215901], [0.04603109616191712, 0.09555527676817313, 0.07374552600241902, 0.012169612356925449, 0.7708669021068577, 0.0016315866037075158], [0.7366158442003131, 0.11596912472130261, 0.09554616309466353, 0.0167126812341437, 0.0335246001445981, 0.0016315866049789168], [0.72546291515984, 0.20889776998893475, 0.01292175318492199, 0.01746686683482945, 0.03363509498635613, 0.0016155998451176598], [0.6208449238310034, 0.2932411938989146, 0.001615598849176258, 0.027098714514337496, 0.05558397005739198, 0.001615598849176258], [0.5567571593914649, 0.3461370235600114, 0.0016155988470204505, 0.030625335838896862, 0.06324928351558617, 0.0016155988470204505], [0.5297870308794599, 0.36792549581595235, 0.0016155988599565337, 0.03175497681716205, 0.06730129876751283, 0.0016155988599565337], [0.5363226873421579, 0.1798779467075347, 0.20027992676551298, 0.0289937796086481, 0.052894072970654835, 0.0016315866054913946], [0.992152686295392, 0.0015694627409215901, 0.0015694627409215901, 0.0015694627409215901, 0.0015694627409215901, 0.0015694627409215901]], [[0.992152686295392, 0.0015694627409215901, 0.0015694627409215901, 0.0015694627409215901, 0.0015694627409215901, 0.0015694627409215901], [0.671081387203268, 0.1381520903658226, 0.13181640681302179, 0.02067653897511412, 0.036641990038545666, 0.0016315866042276941], [0.6195246156711214, 0.2955135687795618, 0.0016155988615103494, 0.02703450548587704, 0.05469611234041929, 0.0016155988615103494], [0.13278641572611385, 0.3120038327258038, 0.0016155988449268787, 0.029843246519372785, 0.5221353073388559, 0.0016155988449268787], [0.6222895392125514, 0.2912264366173862, 0.001615598844945958, 0.027301713449918646, 0.05595111303025187, 0.001615598844945958], [0.6726351909833642, 0.2519370362936115, 0.0016155988449491287, 0.024254760940911137, 0.0479418140922149, 0.0016155988449491287], [0.6239650106284913, 0.28834875151261363, 0.0016155988449883794, 0.027423548968703294, 0.05703149120021506, 0.0016155988449883794], [0.6040104739059778, 0.30263197846894796, 0.0016155988452452052, 0.028801257294889998, 0.061325092639693726, 0.0016155988452452052], [0.6231024752630082, 0.28946070296717474, 0.001615598845388526, 0.027366695865983698, 0.05683892821305627, 0.001615598845388526], [0.6723568847791339, 0.25242140956941994, 0.0016155988469048334, 0.024065384444122206, 0.0479251235135142, 0.0016155988469048334], [0.11790404254384662, 0.27826695520463385, 0.010556267412133101, 0.025222316228488802, 0.5664348197604389, 0.0016155988504587462], [0.11936959015391412, 0.2744890566883975, 0.0345717704191619, 0.025612812928492018, 0.544325183206327, 0.001631586603707515], [0.13017681935598785, 0.3309736445111039, 0.030235062810638563, 0.031931848132244374, 0.4750670263436194, 0.0016155988464058523], [0.1424765089074806, 0.3789639058012722, 0.001615598844927387, 0.03360433573082968, 0.4417240518705629, 0.001615598844927387], [0.5499058516597645, 0.1765650038562221, 0.1903137886536314, 0.028561953984642664, 0.05302181524203135, 0.0016315866037081852], [0.992152686295392, 0.0015694627409215901, 0.0015694627409215901, 0.0015694627409215901, 0.0015694627409215901, 0.0015694627409215901], [0.6102002284996217, 0.15637297928843288, 0.16051131701411772, 0.025000604470238982, 0.04628328412255214, 0.0016315866050365402], [0.5560555985810771, 0.3459247831861213, 0.0016155988524984449, 0.03069470580600106, 0.06409371472180364, 0.0016155988524984449], [0.5292439531434086, 0.36797031463042584, 0.00161559884758351, 0.03190959359078307, 0.06764494094021559, 0.00161559884758351], [0.5534626492531188, 0.3482358938715363, 0.0016155988451507883, 0.030906470639103678, 0.06416378854593957, 0.0016155988451507883], [0.6197583213549072, 0.29330936394526375, 0.001615598844947686, 0.027406812199553886, 0.05629430481037993, 0.001615598844947686], [0.1038511919644503, 0.2556727560622454, 0.00161559884492688, 0.02446135836862998, 0.6127834959148206, 0.00161559884492688], [0.07746939057624423, 0.20006515907798436, 0.0016155988449268802, 0.019718233956018152, 0.6995160186998995, 0.0016155988449268802], [0.0015694627409215903, 0.0015694627409215903, 0.0015694627409215903, 0.0015694627409215903, 0.0015694627409215903, 0.9921526862953921], [0.6268644697436705, 0.28575370741213574, 0.0016155988474828066, 0.027206139078084102, 0.05694448607114393, 0.0016155988474828066], [0.558770857148182, 0.3431236450274222, 0.0016155988519646817, 0.030715726602233366, 0.06415857351823304, 0.0016155988519646817], [0.15022267019032304, 0.37593636769369143, 0.001615598844926883, 0.03300199582801131, 0.43760776859812045, 0.001615598844926883], [0.5564866599208056, 0.3459776526333535, 0.0016155988596027713, 0.03059505525427976, 0.06370943447235565, 0.0016155988596027713], [0.6393485870647528, 0.2701460412675265, 0.019378929367698, 0.021896087072189128, 0.04761475545077962, 0.0016155997770537847], [0.6827666250292765, 0.13736997806563606, 0.1172047409835762, 0.018797395409964224, 0.04222967390743333, 0.0016315866041135979], [0.992152686295392, 0.0015694627409215901, 0.0015694627409215901, 0.0015694627409215901, 0.0015694627409215901, 0.0015694627409215901], [0.03483137386448566, 0.07346352458168781, 0.052905785464974237, 0.007982317386069322, 0.8291854120990755, 0.0016315866037075158], [0.7626913528980399, 0.1817248794096676, 0.012570543603502134, 0.014913474996004667, 0.02648414885268223, 0.0016156002401032218], [0.6766578676866474, 0.24984834992963562, 0.0016155988535317817, 0.023732856842476828, 0.04652972783417656, 0.0016155988535317817], [0.6228702983496972, 0.2910789534343255, 0.0016155988498163813, 0.02708446513282972, 0.0557350853835148, 0.0016155988498163813], [0.5980185750372515, 0.3105276482079707, 0.001615598847205498, 0.028611299643328925, 0.05961127941703774, 0.001615598847205498], [0.5281694971962353, 0.3690199384151442, 0.0016155988477231718, 0.03191503532687075, 0.06766433136630333, 0.0016155988477231718], [0.3417644451704894, 0.45598251004489854, 0.0016155990077073629, 0.03913180758569511, 0.15989003918350222, 0.0016155990077073629], [0.5139323125701317, 0.19110641139105383, 0.2053508302845435, 0.0309522041088516, 0.057026655038030456, 0.0016315866073888816], [0.992152686295392, 0.0015694627409215901, 0.0015694627409215901, 0.0015694627409215901, 0.0015694627409215901, 0.0015694627409215901]], [[0.992152686295392, 0.0015694627409215901, 0.0015694627409215901, 0.0015694627409215901, 0.0015694627409215901, 0.0015694627409215901], [0.6043311480534017, 0.15878631109072566, 0.1660605191834122, 0.02472014826416075, 0.04447028680327679, 0.0016315866050229796], [0.552209738600453, 0.351550306746684, 0.0016155988524575707, 0.030455972066277315, 0.06255278488167049, 0.0016155988524575707], [0.5313893470517176, 0.3663285811190732, 0.0016155988450247455, 0.0318445764215552, 0.06720629771760438, 0.0016155988450247455], [0.14014714225802952, 0.35253693437569933, 0.0016155988449268806, 0.031849614538089766, 0.4722351111383276, 0.0016155988449268806], [0.6200264894552048, 0.292200030988548, 0.0016155988449316934, 0.02756749205913393, 0.05697478980725003, 0.0016155988449316934], [0.5620647713906235, 0.3393110446670682, 0.0016155988450307912, 0.030732226957878774, 0.06466075929436794, 0.0016155988450307912], [0.5379118087891516, 0.3570216072166167, 0.0016155988457284508, 0.03203117967435409, 0.06980420662842075, 0.0016155988457284508], [0.5593921979061764, 0.3417074956346192, 0.0016155988455509058, 0.030778748515699873, 0.06489036025240258, 0.0016155988455509058], [0.5975314815671317, 0.3085305691570739, 0.0016155988456548697, 0.028986960216430595, 0.061719791368054194, 0.0016155988456548697], [0.5581722209519628, 0.3428690181984712, 0.001615598846386377, 0.030978757347571377, 0.06474880580922182, 0.001615598846386377], [0.5313345990233082, 0.3644031687780517, 0.001615598846991629, 0.032266571237949675, 0.0687644632667075, 0.001615598846991629], [0.5559213461724702, 0.3461901196000018, 0.0016155988453925981, 0.03079498653107388, 0.06386235000566905, 0.0016155988453925981], [0.12303801559739659, 0.2969117710374371, 0.008387411793598169, 0.025971227566541497, 0.5440759751534472, 0.0016155988515796317], [0.11766103176119869, 0.14639799046088034, 0.1228940061216604, 0.026269461439956343, 0.5851459236125967, 0.0016315866037075154], [0.992152686295392, 0.0015694627409215901, 0.0015694627409215901, 0.0015694627409215901, 0.0015694627409215901, 0.0015694627409215901], [0.6122637473099214, 0.1605521371300601, 0.14134960400683078, 0.024946456509287073, 0.059256468438180616, 0.0016315866057200884], [0.5620497910735206, 0.3293612523286937, 0.017668056574919027, 0.02548044484859756, 0.06382485607630436, 0.0016155990979647443], [0.34359269100219064, 0.45267514116743646, 0.001615598896885685, 0.039160102451487704, 0.1613408675851137, 0.001615598896885685], [0.5336674833572145, 0.3635684063108662, 0.0016155988593073898, 0.031815435610972644, 0.06771747700233194, 0.0016155988593073898], [0.13416094794894554, 0.30893793681571385, 0.0016155988449268782, 0.029979333885336603, 0.5236905836601502, 0.0016155988449268782], [0.09830708976550843, 0.23992051056630984, 0.001615598844926879, 0.023206163195849422, 0.6353350387824787, 0.001615598844926879], [0.06354127334693599, 0.17379337425939473, 0.0016155988449268782, 0.01749983253269866, 0.7419343221711169, 0.0016155988449268782], [0.6974641084067121, 0.23106639983391533, 0.0016155988449761383, 0.022884670872062425, 0.04535362319735784, 0.0016155988449761383], [0.0015694627409215903, 0.0015694627409215903, 0.0015694627409215903, 0.0015694627409215903, 0.0015694627409215903, 0.9921526862953921], [0.5401712027306288, 0.35644879080217645, 0.0016155988882021154, 0.03160463207840901, 0.0685441766123817, 0.0016155988882021154], [0.3492953761903177, 0.4463253953217487, 0.0016155988713106347, 0.038550663761348206, 0.16259736698396407, 0.0016155988713106347], [0.0015694627409215903, 0.0015694627409215903, 0.0015694627409215903, 0.0015694627409215903, 0.0015694627409215903, 0.9921526862953921], [0.0015694627409215903, 0.0015694627409215903, 0.0015694627409215903, 0.0015694627409215903, 0.0015694627409215903, 0.9921526862953921], [0.992152686295392, 0.0015694627409215901, 0.0015694627409215901, 0.0015694627409215901, 0.0015694627409215901, 0.0015694627409215901], [0.04646479033580097, 0.09985270754350904, 0.06790947783347967, 0.010949140092698262, 0.7731922975908045, 0.0016315866037075154], [0.04573559436886501, 0.15461379819602838, 0.0016155988504939723, 0.010552295581924335, 0.7858671141521942, 0.0016155988504939723], [0.09061298931797375, 0.22907206176695746, 0.0016155988449270443, 0.02179234460788198, 0.6552914066173327, 0.0016155988449270443], [0.6241341711232556, 0.28860297029872783, 0.0016155988474950637, 0.027310760315653812, 0.0567209005673726, 0.0016155988474950637], [0.5617023613762618, 0.33984333077528717, 0.0016155988474845576, 0.03077680955195223, 0.06444630060152982, 0.0016155988474845576], [0.151486793233449, 0.371524468298567, 0.00161559884492688, 0.033181912446790474, 0.4405756283313398, 0.00161559884492688], [0.5264572405812903, 0.37463859175964653, 0.0016155988451261672, 0.031092113652193335, 0.0645808563166176, 0.0016155988451261672], [0.5283617374746107, 0.3691452746190866, 0.0016155988679359698, 0.03193468565529729, 0.06732710451513353, 0.0016155988679359698], [0.5378462536844381, 0.1792211214854413, 0.19939060662395425, 0.02913130287549099, 0.052779128726183885, 0.0016315866044913881], [0.992152686295392, 0.0015694627409215901, 0.0015694627409215901, 0.0015694627409215901, 0.0015694627409215901, 0.0015694627409215901]], [[0.992152686295392, 0.0015694627409215901, 0.0015694627409215901, 0.0015694627409215901, 0.0015694627409215901, 0.0015694627409215901], [0.57593819475911, 0.16699618982778822, 0.18178629175534203, 0.026415007338836245, 0.04723272971408794, 0.001631586604835443], [0.5257051081755606, 0.3727856416285728, 0.0016155988595791414, 0.03168512363903165, 0.06659292883767665, 0.0016155988595791414], [0.33931692120178686, 0.45947141362497546, 0.0016155988468982282, 0.03931065823202259, 0.15866980924741858, 0.0016155988468982282], [0.1487839510822501, 0.37552642452655904, 0.0016155988449268787, 0.03302946534559316, 0.4394289613557439, 0.0016155988449268787], [0.5992738909344212, 0.3079603933458097, 0.0016155988449283501, 0.028855792325331146, 0.06067872570458122, 0.0016155988449283501], [0.5373543564581494, 0.35880077475694516, 0.0016155988449802797, 0.0319242231412967, 0.06868944795364815, 0.0016155988449802797], [0.3492592197933158, 0.44486716031075146, 0.0016155988449299652, 0.039068099160622566, 0.16357432304545017, 0.0016155988449299652], [0.49352237289860423, 0.40134273230582446, 0.00161559884530419, 0.03203487479052168, 0.06986882231444126, 0.00161559884530419], [0.5351975336921987, 0.35915313961964573, 0.0016155988466398125, 0.03217435850596211, 0.07024377048891378, 0.0016155988466398125], [0.49370219963681083, 0.4001301274429828, 0.001615598845941277, 0.03238720962120847, 0.0705492656071154, 0.001615598845941277], [0.3465081269398242, 0.44974613250390816, 0.001615598845745045, 0.038720833219112065, 0.16179370964566545, 0.001615598845745045], [0.1484284759840759, 0.37082402014389787, 0.0016155988449271246, 0.03234971036096256, 0.44516659582120943, 0.0016155988449271246], [0.620898931519968, 0.26460641750319597, 0.04050999636457605, 0.023065149085891596, 0.049287918922050034, 0.0016315866043182241], [0.992152686295392, 0.0015694627409215901, 0.0015694627409215901, 0.0015694627409215901, 0.0015694627409215901, 0.0015694627409215901], [0.992152686295392, 0.0015694627409215901, 0.0015694627409215901, 0.0015694627409215901, 0.0015694627409215901, 0.0015694627409215901], [0.992152686295392, 0.0015694627409215901, 0.0015694627409215901, 0.0015694627409215901, 0.0015694627409215901, 0.0015694627409215901], [0.5828638757944518, 0.2888658666367241, 0.04561782110687105, 0.02459024213551071, 0.056430607669980176, 0.0016315866564621067], [0.5352287983104397, 0.36318903115022483, 0.0016155990009982426, 0.031495459944415466, 0.06685551259292358, 0.0016155990009982426], [0.5596387660248635, 0.34293848610579014, 0.001615598846497895, 0.030464557771985652, 0.06372699240436491, 0.001615598846497895], [0.6251308321580408, 0.288354709737324, 0.0016155988451092168, 0.02714341733081373, 0.05613984308360306, 0.0016155988451092168], [0.7103346855701539, 0.22289375842614156, 0.0016155988449281032, 0.02188902674018174, 0.04165133157366668, 0.0016155988449281032], [0.7896940633269253, 0.1631985816198752, 0.0016155988449290048, 0.016391448355476807, 0.027484709007864844, 0.0016155988449290048], [0.7105984769275776, 0.22169943905598116, 0.0016155988450935314, 0.021881831694941553, 0.04258905463131273, 0.0016155988450935314], [0.6293790212204741, 0.28391240265382167, 0.0016155988530146494, 0.02690038100980968, 0.05657699740986531, 0.0016155988530146494], [0.0015694627409215903, 0.0015694627409215903, 0.0015694627409215903, 0.0015694627409215903, 0.0015694627409215903, 0.9921526862953921], [0.5641714101835321, 0.32833540899185915, 0.01766805696926928, 0.025190944146220976, 0.06301858021680348, 0.0016155994923149973], [0.590537353609504, 0.15742026050190705, 0.16886881409256263, 0.025950203620273286, 0.05559178147812305, 0.0016315866976300722], [0.992152686295392, 0.0015694627409215901, 0.0015694627409215901, 0.0015694627409215901, 0.0015694627409215901, 0.0015694627409215901], [0.710784216568667, 0.12799210122663068, 0.1019875765241293, 0.017631809046218475, 0.03997271002454401, 0.0016315866098104235], [0.7639206754897658, 0.17946261617506237, 0.012570543263598551, 0.01490113229314114, 0.027529432878232472, 0.0016155999001996354], [0.7098108549816529, 0.2237976574007843, 0.0016155988461564554, 0.021661087477909843, 0.04149920244734023, 0.0016155988461564554], [0.6955038913349019, 0.23480453457807782, 0.0016155988449513996, 0.0226779884992866, 0.04378238789783094, 0.0016155988449513996], [0.6045665410228807, 0.30283321809788033, 0.001615598845092041, 0.02867397834803822, 0.060695064841016846, 0.001615598845092041], [0.5382271582327017, 0.35693059832868224, 0.001615598844952818, 0.03210722063354005, 0.06950382511517036, 0.001615598844952818], [0.34358590642606524, 0.4537211168684625, 0.0016155988449409367, 0.03913522907672248, 0.16032654993886802, 0.0016155988449409367], [0.5340508759471637, 0.3623646350363291, 0.0016155988449528611, 0.03202714226470823, 0.06832614906189315, 0.0016155988449528611], [0.1329237713779932, 0.31442665133485653, 0.0016155988449313582, 0.029882318949993627, 0.5195360606472939, 0.0016155988449313582], [0.6085190446859498, 0.1567201112513524, 0.16354568890283197, 0.024828318407348993, 0.04475525014867893, 0.0016315866038380611], [0.992152686295392, 0.0015694627409215901, 0.0015694627409215901, 0.0015694627409215901, 0.0015694627409215901, 0.0015694627409215901]], [[0.992152686295392, 0.0015694627409215901, 0.0015694627409215901, 0.0015694627409215901, 0.0015694627409215901, 0.0015694627409215901], [0.0947482084295272, 0.16542564231439308, 0.16662687211211735, 0.025400060321599124, 0.5461676302186558, 0.0016315866037075158], [0.5525337011344369, 0.3514676713317349, 0.0016155988497709253, 0.030447054695835377, 0.06232037513845099, 0.0016155988497709253], [0.5300038766028105, 0.3671084883247867, 0.0016155988454463802, 0.031937092763129254, 0.06771934461838083, 0.0016155988454463802], [0.5578150267765651, 0.34465950254399225, 0.0016155988450024374, 0.030702019600402197, 0.0635922533890356, 0.0016155988450024374], [0.1268608593370392, 0.29632992286964355, 0.0016155988449268802, 0.02876216084188684, 0.5448158592615766, 0.0016155988449268802], [0.5615229991588453, 0.340116267950036, 0.0016155988449319879, 0.03076215037746725, 0.0643673848237875, 0.0016155988449319879], [0.5394179584997637, 0.3558481860220618, 0.0016155988450437685, 0.03202839783928501, 0.06947425994880196, 0.0016155988450437685], [0.49334853611402657, 0.4016684200675767, 0.0016155988450091302, 0.032062139005295066, 0.06968970712308326, 0.0016155988450091302], [0.35011449463598426, 0.4441273494443071, 0.001615598844936934, 0.03880291612615789, 0.1637240421036768, 0.001615598844936934], [0.49574364272730953, 0.39849210591443635, 0.0016155988450005155, 0.03224332315540157, 0.07028973051285155, 0.0016155988450005155], [0.15219798268754017, 0.36748033136923525, 0.0016155988449268787, 0.03281538846350065, 0.4442750997898702, 0.0016155988449268787], [0.5618859926730527, 0.34081260783484535, 0.0016155988453607217, 0.030465156690362722, 0.06360504511101789, 0.0016155988453607217], [0.642050698170477, 0.26795197174466495, 0.019378929380430347, 0.02175762852880024, 0.0472451723858413, 0.0016155997897861272], [0.7085770133295239, 0.12889809302010002, 0.10325374751222598, 0.017733959152100236, 0.03990560038209186, 0.001631586603957987], [0.7466489230420726, 0.11279671347557776, 0.09403583504534722, 0.01657845809077696, 0.02830848374198838, 0.001631586604236961], [0.6835794468071201, 0.13721331405556095, 0.11646071678466835, 0.01875078514675958, 0.04236415060149111, 0.0016315866043998038], [0.6420140313094896, 0.26905146495816307, 0.019378929511006983, 0.021548336180656824, 0.04639163812032059, 0.0016155999203627677], [0.13152471096837468, 0.30951916240063065, 0.0016155988449270766, 0.029312062985358323, 0.5264128659557822, 0.0016155988449270766], [0.6244384896119364, 0.2900091644600483, 0.0016155988533847854, 0.026951517732121247, 0.05536963048912451, 0.0016155988533847854], [0.6810090488103981, 0.24541485539272637, 0.0016155988455308138, 0.02368469333037245, 0.04666020477544125, 0.0016155988455308138], [0.7503312991433532, 0.19312719800335287, 0.0016155988449540668, 0.01921500451921215, 0.0340953006441735, 0.0016155988449540668], [0.8200159086160365, 0.1403422906341981, 0.0016155988449336556, 0.013841844958022636, 0.022568758101875485, 0.0016155988449336556], [0.7492179093610851, 0.19445992427821154, 0.0016155988450408873, 0.0191155170672376, 0.03397545160338405, 0