{"prediction": [[[0.95011876625803, 0.009976246748393995, 0.009976246748393995, 0.009976246748393995, 0.009976246748393995, 0.009976246748393995], [0.95011876625803, 0.009976246748393995, 0.009976246748393995, 0.009976246748393995, 0.009976246748393995, 0.009976246748393995], [0.95011876625803, 0.009976246748393995, 0.009976246748393995, 0.009976246748393995, 0.009976246748393995, 0.009976246748393995], [0.95011876625803, 0.009976246748393995, 0.009976246748393995, 0.009976246748393995, 0.009976246748393995, 0.009976246748393995], [0.95011876625803, 0.009976246748393995, 0.009976246748393995, 0.009976246748393995, 0.009976246748393995, 0.009976246748393995], [0.95011876625803, 0.009976246748393995, 0.009976246748393995, 0.009976246748393995, 0.009976246748393995, 0.009976246748393995], [0.95011876625803, 0.009976246748393995, 0.009976246748393995, 0.009976246748393995, 0.009976246748393995, 0.009976246748393995], [0.95011876625803, 0.009976246748393995, 0.009976246748393995, 0.009976246748393995, 0.009976246748393995, 0.009976246748393995], [0.95011876625803, 0.009976246748393995, 0.009976246748393995, 0.009976246748393995, 0.009976246748393995, 0.009976246748393995], [0.95011876625803, 0.009976246748393995, 0.009976246748393995, 0.009976246748393995, 0.009976246748393995, 0.009976246748393995], [0.95011876625803, 0.009976246748393995, 0.009976246748393995, 0.009976246748393995, 0.009976246748393995, 0.009976246748393995], [0.95011876625803, 0.009976246748393995, 0.009976246748393995, 0.009976246748393995, 0.009976246748393995, 0.009976246748393995], [0.95011876625803, 0.009976246748393995, 0.009976246748393995, 0.009976246748393995, 0.009976246748393995, 0.009976246748393995], [0.95011876625803, 0.009976246748393995, 0.009976246748393995, 0.009976246748393995, 0.009976246748393995, 0.009976246748393995], [0.95011876625803, 0.009976246748393995, 0.009976246748393995, 0.009976246748393995, 0.009976246748393995, 0.009976246748393995], [0.95011876625803, 0.009976246748393995, 0.009976246748393995, 0.009976246748393995, 0.009976246748393995, 0.009976246748393995], [0.95011876625803, 0.009976246748393995, 0.009976246748393995, 0.009976246748393995, 0.009976246748393995, 0.009976246748393995], [0.95011876625803, 0.009976246748393995, 0.009976246748393995, 0.009976246748393995, 0.009976246748393995, 0.009976246748393995], [0.95011876625803, 0.009976246748393995, 0.009976246748393995, 0.009976246748393995, 0.009976246748393995, 0.009976246748393995], [0.95011876625803, 0.009976246748393995, 0.009976246748393995, 0.009976246748393995, 0.009976246748393995, 0.009976246748393995], [0.95011876625803, 0.009976246748393995, 0.009976246748393995, 0.009976246748393995, 0.009976246748393995, 0.009976246748393995], [0.95011876625803, 0.009976246748393995, 0.009976246748393995, 0.009976246748393995, 0.009976246748393995, 0.009976246748393995], [0.95011876625803, 0.009976246748393995, 0.009976246748393995, 0.009976246748393995, 0.009976246748393995, 0.009976246748393995], [0.95011876625803, 0.009976246748393995, 0.009976246748393995, 0.009976246748393995, 0.009976246748393995, 0.009976246748393995], [0.95011876625803, 0.009976246748393995, 0.009976246748393995, 0.009976246748393995, 0.009976246748393995, 0.009976246748393995], [0.95011876625803, 0.009976246748393995, 0.009976246748393995, 0.009976246748393995, 0.009976246748393995, 0.009976246748393995], [0.95011876625803, 0.009976246748393995, 0.009976246748393995, 0.009976246748393995, 0.009976246748393995, 0.009976246748393995], [0.95011876625803, 0.009976246748393995, 0.009976246748393995, 0.009976246748393995, 0.009976246748393995, 0.009976246748393995], [0.95011876625803, 0.009976246748393995, 0.009976246748393995, 0.009976246748393995, 0.009976246748393995, 0.009976246748393995], [0.95011876625803, 0.009976246748393995, 0.009976246748393995, 0.009976246748393995, 0.009976246748393995, 0.009976246748393995], [0.95011876625803, 0.009976246748393995, 0.009976246748393995, 0.009976246748393995, 0.009976246748393995, 0.009976246748393995], [0.95011876625803, 0.009976246748393995, 0.009976246748393995, 0.009976246748393995, 0.009976246748393995, 0.009976246748393995], [0.95011876625803, 0.009976246748393995, 0.009976246748393995, 0.009976246748393995, 0.009976246748393995, 0.009976246748393995], [0.95011876625803, 0.009976246748393995, 0.009976246748393995, 0.009976246748393995, 0.009976246748393995, 0.009976246748393995], [0.95011876625803, 0.009976246748393995, 0.009976246748393995, 0.009976246748393995, 0.009976246748393995, 0.009976246748393995], [0.95011876625803, 0.009976246748393995, 0.009976246748393995, 0.009976246748393995, 0.009976246748393995, 0.009976246748393995], [0.95011876625803, 0.009976246748393995, 0.009976246748393995, 0.009976246748393995, 0.009976246748393995, 0.009976246748393995], [0.95011876625803, 0.009976246748393995, 0.009976246748393995, 0.009976246748393995, 0.009976246748393995, 0.009976246748393995], [0.95011876625803, 0.009976246748393995, 0.009976246748393995, 0.009976246748393995, 0.009976246748393995, 0.009976246748393995], [0.95011876625803, 0.009976246748393995, 0.009976246748393995, 0.009976246748393995, 0.009976246748393995, 0.009976246748393995]], [[0.95011876625803, 0.009976246748393995, 0.009976246748393995, 0.009976246748393995, 0.009976246748393995, 0.009976246748393995], [0.9419766281281431, 0.016066623095511982, 0.011987450516702839, 0.009989766086547362, 0.009989766086547362, 0.009989766086547362], [0.9420082016614906, 0.016051400683647608, 0.011972405941029097, 0.009989330571277578, 0.009989330571277578, 0.009989330571277578], [0.95011876625803, 0.009976246748393995, 0.009976246748393995, 0.009976246748393995, 0.009976246748393995, 0.009976246748393995], [0.009994675398743205, 0.023748781843043906, 0.020502922148127694, 0.009994675398743205, 0.925764269812599, 0.009994675398743205], [0.9051815077504465, 0.04876772987507701, 0.01606736033964229, 0.009994467344944713, 0.009994467344944713, 0.009994467344944713], [0.860007786778535, 0.05608087268567566, 0.04920533058073477, 0.009997953133081631, 0.014710103688891411, 0.009997953133081631], [0.8924546525218802, 0.03379405704845149, 0.04395060966184947, 0.00990792613484019, 0.00998482849813847, 0.00990792613484019], [0.885629480369738, 0.036751653218130606, 0.04343250913948973, 0.009909743578759874, 0.014366870115122077, 0.009909743578759874], [0.8543646649076326, 0.045809946072587066, 0.057715952961755704, 0.009927560190568908, 0.022254315676886845, 0.009927560190568908], [0.8467134190409019, 0.04668064596733213, 0.06758487628539371, 0.009944616206211957, 0.019131826293948457, 0.009944616206211957], [0.8543427361706085, 0.04756751299813952, 0.05652109718564484, 0.009926643854167172, 0.02171536593727284, 0.009926643854167172], [0.8629955850969695, 0.03946925766034927, 0.0593525157471235, 0.009921545968164244, 0.018339549559229285, 0.009921545968164244], [0.877309155491865, 0.038976899391204405, 0.047691089167409766, 0.009912981266151139, 0.016196893417218593, 0.009912981266151139], [0.7000775850041474, 0.048568667484302504, 0.047158919436761294, 0.009922920873029878, 0.18434898632872906, 0.009922920873029878], [0.8539986835096431, 0.04521671869676151, 0.06162772484544414, 0.00992831472186669, 0.019300243504417867, 0.00992831472186669], [0.8602212415529551, 0.053733386330884106, 0.05365809387407795, 0.009917180859580188, 0.012552916522922453, 0.009917180859580188], [0.884759649432993, 0.03834449120708749, 0.04718921829968451, 0.009902213686744992, 0.009902213686744992, 0.009902213686744992], [0.02807124151743372, 0.035343607357470073, 0.06148839006133691, 0.009929554687611633, 0.855237651688536, 0.009929554687611633], [0.8412231289330627, 0.05533939042109259, 0.05956336021811448, 0.012590104742362674, 0.021334310703540204, 0.009949704981827486], [0.856859178264995, 0.048986584436236394, 0.062205091985501546, 0.009931368964118956, 0.012086407385029259, 0.009931368964118956], [0.8410781671253912, 0.041825500017391284, 0.08692197057017612, 0.010257925376280858, 0.009958218455380282, 0.009958218455380282], [0.01710518451421981, 0.03997734044969931, 0.08486443989743327, 0.009997362566426955, 0.8380583100057937, 0.009997362566426955], [0.8197711517212892, 0.07105339332675702, 0.0660009144702712, 0.016731870119370048, 0.016444202582803245, 0.00999846777950927], [0.7647312529272955, 0.08498178096357793, 0.10457702113600534, 0.017602730738675847, 0.018108278072343182, 0.009998936162102191], [0.7153944605428111, 0.11900319468604591, 0.11255581923675562, 0.02029311207126426, 0.022754511758024242, 0.009998901705098952], [0.03277225432151042, 0.08596053115180867, 0.17562213182501057, 0.015585497869442373, 0.6800606556999622, 0.00999892913226579], [0.7307068122860835, 0.08669956498407062, 0.13462716021824075, 0.01808219467872875, 0.01988531999825739, 0.009998947834619206], [0.7352795576225187, 0.1057860211980678, 0.10620189724024161, 0.01685140492967847, 0.025882192890496154, 0.009998926118997165], [0.8250362500869226, 0.0931613970632803, 0.044651257204709104, 0.011084598251509951, 0.016068029809586513, 0.009998467583991462], [0.8557613643262185, 0.0547497068111271, 0.05678118565466055, 0.011083577152622254, 0.01162572404338823, 0.009998442011983284], [0.8378958644400882, 0.05402094567804827, 0.0754336139601537, 0.009997213066367383, 0.012655149788975034, 0.009997213066367383], [0.8634330878376056, 0.05150883602684341, 0.052384459029513344, 0.009996486864163413, 0.012680643377710837, 0.009996486864163413], [0.891921438733163, 0.044162197510940256, 0.030471568454118022, 0.009996689248614944, 0.013451416804548812, 0.009996689248614944], [0.8972617382085868, 0.03674514422154774, 0.028609125315343667, 0.009997114818089568, 0.017389762618342554, 0.009997114818089568], [0.95011876625803, 0.009976246748393995, 0.009976246748393995, 0.009976246748393995, 0.009976246748393995, 0.009976246748393995], [0.95011876625803, 0.009976246748393995, 0.009976246748393995, 0.009976246748393995, 0.009976246748393995, 0.009976246748393995], [0.00999255523337623, 0.01706909067021414, 0.012111183905268365, 0.00999255523337623, 0.940842059724389, 0.00999255523337623], [0.9419502320422561, 0.016079350032329288, 0.012000029001309809, 0.009990129641368254, 0.009990129641368254, 0.009990129641368254], [0.95011876625803, 0.009976246748393995, 0.009976246748393995, 0.009976246748393995, 0.009976246748393995, 0.009976246748393995]], [[0.95011876625803, 0.009976246748393995, 0.009976246748393995, 0.009976246748393995, 0.009976246748393995, 0.009976246748393995], [0.0099948027719911, 0.022315364154503112, 0.01582488851199452, 0.0099948027719911, 0.9318753390175292, 0.0099948027719911], [0.95011876625803, 0.009976246748393995, 0.009976246748393995, 0.009976246748393995, 0.009976246748393995, 0.009976246748393995], [0.9255320881450384, 0.027147666666314643, 0.01733755071715016, 0.009994231490498965, 0.009994231490498965, 0.009994231490498965], [0.8571109357899942, 0.09412751265884926, 0.010731307444825741, 0.009996517229697017, 0.018037209646936867, 0.009996517229697017], [0.8126896197257958, 0.13383447205407004, 0.009996056741194786, 0.010558584094231684, 0.022925210643513053, 0.009996056741194786], [0.08108681132934219, 0.15835224968641354, 0.009996081522820794, 0.010716337337432234, 0.7298524386011706, 0.009996081522820794], [0.8738197217968986, 0.08081194535912703, 0.009868641728441539, 0.009868641728441539, 0.015762407658649755, 0.009868641728441539], [0.827086048464868, 0.10082042372832531, 0.009884246240852596, 0.009884246240852596, 0.04244078908424896, 0.009884246240852596], [0.20670325001649814, 0.10271906078791318, 0.009899068378221566, 0.010846495063371186, 0.6599330573757743, 0.009899068378221566], [0.8333351071475537, 0.10988045634453489, 0.00987746796789733, 0.00987746796789733, 0.02715203260421948, 0.00987746796789733], [0.5476472904673378, 0.16409508124079658, 0.009899068324940813, 0.013970711034522845, 0.2544887806074611, 0.009899068324940813], [0.841227880109046, 0.10734227102179822, 0.009871858606147319, 0.009871858606147319, 0.021814273050713876, 0.009871858606147319], [0.8580460714321204, 0.09299169655092478, 0.009885389434150921, 0.009885389434150921, 0.019306063714502008, 0.009885389434150921], [0.834886670858872, 0.11134926688410497, 0.009891961853633967, 0.009891961853633967, 0.024088176696121087, 0.009891961853633967], [0.22052885095835598, 0.10595681111696434, 0.009899068588347265, 0.010747274934801699, 0.6429689258131833, 0.009899068588347265], [0.035782642985992395, 0.1181798843307649, 0.009899068348248344, 0.00998411122410787, 0.8162552247626381, 0.009899068348248344], [0.8571080106113742, 0.10016123250958062, 0.00987280833148883, 0.00987280833148883, 0.0131123318845787, 0.00987280833148883], [0.6947445991318175, 0.09109368226691329, 0.009899068755705207, 0.010244097769091643, 0.18411948332076694, 0.009899068755705207], [0.816217972259866, 0.11925302084021387, 0.009899070350236207, 0.011376980982383534, 0.03335388521706422, 0.009899070350236207], [0.029037042804447705, 0.09319542467338862, 0.009866102831413424, 0.009866102831413424, 0.8481692240279235, 0.009866102831413424], [0.23795192743269952, 0.1118929314608415, 0.00991832001436959, 0.012944720539433081, 0.6173737805382868, 0.00991832001436959], [0.7422691373179581, 0.18326717133601841, 0.009996079843100993, 0.013254956010818874, 0.04121657564900276, 0.009996079843100993], [0.734955845574319, 0.18323409677861072, 0.00999607984310099, 0.016942503676749265, 0.044875394284118963, 0.00999607984310099], [0.7379655650840257, 0.18485059220258385, 0.009996076328988942, 0.014459212218065046, 0.04273247783734751, 0.009996076328988942], [0.7058613321411343, 0.18895215098796042, 0.009996079536005464, 0.013578995771813368, 0.07161536202708095, 0.009996079536005464], [0.06791242163361443, 0.23963719898716623, 0.009996080019913575, 0.018306542548339983, 0.6541516767910521, 0.009996080019913575], [0.04724352800199838, 0.2503243258027827, 0.009996079703512113, 0.014526386095090068, 0.6679136006931047, 0.009996079703512113], [0.7234996034793203, 0.215138184090357, 0.009995816655197923, 0.010126563731446693, 0.03124401538848011, 0.009995816655197923], [0.7112833613499481, 0.19860915276604238, 0.009995903056911414, 0.010130968036806201, 0.059984711733380554, 0.009995903056911414], [0.04188633250757747, 0.1843092306445781, 0.009996080085055054, 0.01281476038988638, 0.7409975162878479, 0.009996080085055054], [0.049163941266459406, 0.1839828321197025, 0.009996087511189333, 0.013400350062792358, 0.733460701528667, 0.009996087511189333], [0.8104022060797437, 0.1429143693613454, 0.009995455045106566, 0.010108101640079513, 0.016584412828618302, 0.009995455045106566], [0.8335482479014039, 0.05474516860220241, 0.05489918357739531, 0.009997608611777974, 0.036812182695442376, 0.009997608611777974], [0.95011876625803, 0.009976246748393995, 0.009976246748393995, 0.009976246748393995, 0.009976246748393995, 0.009976246748393995], [0.95011876625803, 0.009976246748393995, 0.009976246748393995, 0.009976246748393995, 0.009976246748393995, 0.009976246748393995], [0.9350940206711547, 0.022111092311632455, 0.012814945758721814, 0.009993313752830314, 0.009993313752830314, 0.009993313752830314], [0.9009340373748578, 0.05374780047998317, 0.010664558354552853, 0.009995211208736168, 0.014663181373133993, 0.009995211208736168], [0.9255262099592828, 0.03240785491582025, 0.012087917430809107, 0.009992672564695946, 0.009992672564695946, 0.009992672564695946], [0.95011876625803, 0.009976246748393995, 0.009976246748393995, 0.009976246748393995, 0.009976246748393995, 0.009976246748393995]], [[0.95011876625803, 0.009976246748393995, 0.009976246748393995, 0.009976246748393995, 0.009976246748393995, 0.009976246748393995], [0.9333313464723321, 0.024624516942205122, 0.012067858751545708, 0.009992092611305686, 0.009992092611305686, 0.009992092611305686], [0.944129216255369, 0.015918043188752923, 0.009988185138969501, 0.009988185138969501, 0.009988185138969501, 0.009988185138969501], [0.8613697992268589, 0.09317297533370886, 0.009994159232680051, 0.009994159232680051, 0.015474747741392236, 0.009994159232680051], [0.06822532916185192, 0.12603778498901602, 0.009996109557008854, 0.011070918848775282, 0.7746737478863391, 0.009996109557008854], [0.8174159568925822, 0.12809126846305346, 0.009995851685631834, 0.010548089497704614, 0.02395298177539616, 0.009995851685631834], [0.7808993649314238, 0.14839466226747072, 0.00999607956392324, 0.011545355555422101, 0.03916845811783695, 0.00999607956392324], [0.85354489927687, 0.09843908948977122, 0.009884648971332236, 0.009884648971332236, 0.018362064319362055, 0.009884648971332236], [0.05404286325459866, 0.1009198546099457, 0.009886656763218598, 0.009886656763218598, 0.8153773118457999, 0.009886656763218598], [0.8344967605423527, 0.11496122267411614, 0.009880406046709787, 0.009880406046709787, 0.020900798643401775, 0.009880406046709787], [0.8166531969293862, 0.12267871781978053, 0.009890700522792407, 0.009890700522792407, 0.030995983682455965, 0.009890700522792407], [0.6725659162871761, 0.10053079627163751, 0.009887069773906987, 0.009887069773906987, 0.1972420781194654, 0.009887069773906987], [0.2568015136148222, 0.10723522153440551, 0.009899069013206528, 0.012640512736278696, 0.6035246140880807, 0.009899069013206528], [0.5106287362792514, 0.25270700030239557, 0.009892157492123379, 0.009892157492123379, 0.2069877909419828, 0.009892157492123379], [0.8112859389224327, 0.11846382446841802, 0.009899068917605334, 0.01126654028189749, 0.0391855584920411, 0.009899068917605334], [0.22687481461504996, 0.15960848648267914, 0.00989906937802989, 0.17768091175100345, 0.4160376483952077, 0.00989906937802989], [0.8326574015834369, 0.11336560475308045, 0.009899068693164072, 0.010204093000209673, 0.023974763276944734, 0.009899068693164072], [0.6720294269490437, 0.10868202774925809, 0.009899068728281947, 0.01039939289697946, 0.1890910149481548, 0.009899068728281947], [0.8300286983307409, 0.11758979241925376, 0.009899068607673289, 0.010477490254725955, 0.022105881779932734, 0.009899068607673289], [0.8350298577534937, 0.1120551054767702, 0.009899068664130302, 0.010930683880791141, 0.02218621556068421, 0.009899068664130302], [0.8219266070877643, 0.1257601893154493, 0.009889499633557541, 0.009889499633557541, 0.022644704696113738, 0.009889499633557541], [0.8319043540428913, 0.11293747392443987, 0.009912616690071742, 0.009912616690071742, 0.02542032196245351, 0.009912616690071742], [0.10101182743472578, 0.15788325934862188, 0.009996081332049263, 0.02020041025696904, 0.7009123402955847, 0.009996081332049263], [0.7138421502963286, 0.1742973318594118, 0.009996079694206187, 0.021313945372301787, 0.07055441308354544, 0.009996079694206187], [0.7133966705564876, 0.20206574867145824, 0.009996079777959516, 0.02060602609738284, 0.043939395118752445, 0.009996079777959516], [0.6393156030187476, 0.2594697768681773, 0.009996079898936543, 0.024933730166207452, 0.05628873014899463, 0.009996079898936543], [0.6668611542069444, 0.2359851878899637, 0.00999607980587729, 0.01869950056739118, 0.058461997723946155, 0.00999607980587729], [0.6821511948035048, 0.22174028042386035, 0.009996080168808387, 0.018560994318659218, 0.05755537011635887, 0.009996080168808387], [0.058158393433502806, 0.19794176382186704, 0.009996080271173574, 0.012374754983154046, 0.711532927219129, 0.009996080271173574], [0.7562208734825328, 0.18290295135366708, 0.00999607956392324, 0.01666343091146243, 0.024220585124491295, 0.00999607956392324], [0.6980917312331155, 0.22230291211918618, 0.009996081983464272, 0.022550219229697126, 0.03706297345107258, 0.009996081983464272], [0.0519435090255858, 0.17749692757677926, 0.009996079950119132, 0.010701139374688565, 0.7398662641227081, 0.009996079950119132], [0.7867200609139298, 0.14715480675038767, 0.013063487839160354, 0.012339969038913124, 0.03072319894663657, 0.009998476510972621], [0.8274327249105979, 0.08157628542820068, 0.057649745555122936, 0.010594651325124698, 0.012747709772745083, 0.009998883008208538], [0.95011876625803, 0.009976246748393995, 0.009976246748393995, 0.009976246748393995, 0.009976246748393995, 0.009976246748393995], [0.770420241466994, 0.08059392955755376, 0.08934902328423376, 0.01281327162525871, 0.036824607434845114, 0.009998926631114598], [0.09827034076236837, 0.18543826187616078, 0.009996079871018769, 0.014182248469546126, 0.6821169891498873, 0.009996079871018769], [0.8163156730700697, 0.13691138126502003, 0.009995401882631453, 0.010105370626348576, 0.01667677127329886, 0.009995401882631453], [0.8361553834501655, 0.06753833043479623, 0.045268116912675994, 0.012257660506132051, 0.028781582018559376, 0.009998926677670732], [0.95011876625803, 0.009976246748393995, 0.009976246748393995, 0.009976246748393995, 0.009976246748393995, 0.009976246748393995]], [[0.95011876625803, 0.009976246748393995, 0.009976246748393995, 0.009976246748393995, 0.009976246748393995, 0.009976246748393995], [0.9064443906184156, 0.0360635513509171, 0.027511683390682457, 0.009993458213328244, 0.009993458213328244, 0.009993458213328244], [0.8204759810540556, 0.1270345343280975, 0.009996166081854893, 0.011438511511314909, 0.02105864094282215, 0.009996166081854893], [0.7947010422406032, 0.13713714226820858, 0.00999607984310099, 0.015361075723351339, 0.03280858008163476, 0.00999607984310099], [0.7885221371923976, 0.1384015100695391, 0.009996079982689872, 0.01376983894115744, 0.039314353831526136, 0.009996079982689872], [0.08182738925872675, 0.1324110619726371, 0.009996080178114312, 0.01319111125520748, 0.7525782771572, 0.009996080178114312], [0.7647110075864104, 0.1726089270620269, 0.009996079764000626, 0.013304762435255397, 0.02938314338830599, 0.009996079764000626], [0.840334189077351, 0.11000859374146706, 0.009888634038117145, 0.009888634038117145, 0.01999131506683055, 0.009888634038117145], [0.07565664185777235, 0.1103269733249508, 0.009899068323375044, 0.009992598945428366, 0.7842256492250984, 0.009899068323375044], [0.8298578984551976, 0.11477444873216236, 0.009890310921816744, 0.009890310921816744, 0.02569672004718976, 0.009890310921816744], [0.3817148475228041, 0.3057899704117241, 0.009899077351853863, 0.01639895240563565, 0.2762980749561285, 0.009899077351853863], [0.6447828082419476, 0.10149900954197483, 0.00989906843758644, 0.011069233982493154, 0.22285081135841162, 0.00989906843758644], [0.6872833025937743, 0.09678136449966793, 0.009885704152063489, 0.009885704152063489, 0.18627822045036738, 0.009885704152063489], [0.6806916134532371, 0.10026945923377666, 0.009891228358039919, 0.009891228358039919, 0.18936524223886636, 0.009891228358039919], [0.6882773635924267, 0.1002965173005478, 0.009877715734113718, 0.009877715734113718, 0.18179297190468438, 0.009877715734113718], [0.8274549557333882, 0.11338654991476477, 0.009888029852042844, 0.009888029852042844, 0.02949440479571848, 0.009888029852042844], [0.058604170219242996, 0.11830585439989541, 0.009899068371108518, 0.011183451431402132, 0.7921083872072424, 0.009899068371108518], [0.8452186544137299, 0.10678630896764928, 0.009881329760113912, 0.009881329760113912, 0.018351047338279053, 0.009881329760113912], [0.8141314216307887, 0.12661129577086705, 0.009899068706540183, 0.011672385668091513, 0.02778675951717248, 0.009899068706540183], [0.06548546317125561, 0.1242692741912357, 0.009899068487109353, 0.010157505683559463, 0.7802896199797305, 0.009899068487109353], [0.8250863180172511, 0.11958011443579414, 0.00989650573954385, 0.00989650573954385, 0.02564405032832314, 0.00989650573954385], [0.09380500630474316, 0.1063699868134535, 0.009918319722962678, 0.01543009952849106, 0.764558267907387, 0.009918319722962678], [0.1030020990208334, 0.1710262491805776, 0.009996079489475842, 0.026211693736834855, 0.6797677990828025, 0.009996079489475842], [0.14866930228781303, 0.18483009541164755, 0.009996080103666906, 0.02318212688404721, 0.6233263152091584, 0.009996080103666906], [0.08515056091373732, 0.26611884324220514, 0.009996079787265442, 0.025443297634115424, 0.6032951386354113, 0.009996079787265442], [0.0892381589545725, 0.30431001146444975, 0.00999607973142989, 0.029783675717192103, 0.556675994400926, 0.00999607973142989], [0.10711969125589908, 0.28085773977351763, 0.009996079703512113, 0.02136012385157874, 0.5706702857119802, 0.009996079703512113], [0.07905029882954391, 0.24087508254823545, 0.009996080010607651, 0.02575559661692068, 0.6343268619840848, 0.009996080010607651], [0.10526236444238955, 0.2458018007589822, 0.009996079573229165, 0.02117876251816652, 0.6077649131340035, 0.009996079573229165], [0.10548535526055902, 0.19841717544725504, 0.009996079675594337, 0.018849669671193763, 0.6572556402698035, 0.009996079675594337], [0.7059522980133153, 0.2050838984876583, 0.009996079080015175, 0.014422500339997719, 0.05454914499899853, 0.009996079080015175], [0.7390395681679139, 0.18424160578262394, 0.013063435887672498, 0.01658843834368511, 0.037068475158165734, 0.009998476659938835], [0.09338402800146269, 0.1336059931039842, 0.12463941515994162, 0.011220617444280755, 0.6271510403797775, 0.009998905910553217], [0.95011876625803, 0.009976246748393995, 0.009976246748393995, 0.009976246748393995, 0.009976246748393995, 0.009976246748393995], [0.6868438346046332, 0.10620295968151257, 0.12730376157376552, 0.01724903448350713, 0.05240139969242019, 0.009999009964161462], [0.727583139488349, 0.20813397706555253, 0.010775269272917222, 0.013317336342698403, 0.030191603358452015, 0.00999867447203083], [0.7365136070395478, 0.1920407734048527, 0.009996080131584685, 0.013916990999188656, 0.03753646829324151, 0.009996080131584685], [0.05736734123779632, 0.19409235546810608, 0.009996199644366328, 0.010061194543045625, 0.7184867094623193, 0.009996199644366328], [0.7068194036856266, 0.08497470421367365, 0.15601558281054606, 0.01325931836409788, 0.02893208996585135, 0.009998900960204598], [0.95011876625803, 0.009976246748393995, 0.009976246748393995, 0.009976246748393995, 0.009976246748393995, 0.009976246748393995]], [[0.95011876625803, 0.009976246748393995, 0.009976246748393995, 0.009976246748393995, 0.009976246748393995, 0.009976246748393995], [0.02949933701800732, 0.0633747458079019, 0.1517061864230896, 0.009997434157697698, 0.7354248624356059, 0.009997434157697698], [0.7526277730733216, 0.17680382429492233, 0.00999608025256172, 0.012626970725890493, 0.03794927140074218, 0.00999608025256172], [0.7875644860355281, 0.1489973022580896, 0.00999607984310099, 0.012008493021629912, 0.03143755899855037, 0.00999607984310099], [0.7245395259956918, 0.19052866779011862, 0.009996079815183214, 0.01817212612532898, 0.04676752045849403, 0.009996079815183214], [0.7497243106710422, 0.1524637640926834, 0.00999607954531139, 0.019056830722441603, 0.058762935423210046, 0.00999607954531139], [0.09544744881644376, 0.17704175512275314, 0.009996080066443203, 0.023307455489912015, 0.6842111804380046, 0.009996080066443203], [0.8278378594934327, 0.10839124939839803, 0.009899068588123585, 0.010240495905382733, 0.03373225802653932, 0.009899068588123585], [0.5247691015114307, 0.3306479327040874, 0.00989906841785779, 0.014603235616452012, 0.11018159333231414, 0.00989906841785779], [0.22890963299961764, 0.10169855080037486, 0.009898268504889788, 0.009898268504889788, 0.6396970106853382, 0.009898268504889788], [0.8237710857967003, 0.09764825830538433, 0.009891482839618165, 0.009891482839618165, 0.04890620737906077, 0.009891482839618165], [0.6776030315923454, 0.26912853415368737, 0.00988135168881501, 0.00988135168881501, 0.02362437918752232, 0.00988135168881501], [0.8266638355085084, 0.10054551711064998, 0.009892464145891062, 0.009892464145891062, 0.04311325494316836, 0.009892464145891062], [0.3837862898139506, 0.2973402137113632, 0.009899068395579191, 0.013680882097456324, 0.28539447758607156, 0.009899068395579191], [0.682413814829028, 0.08370529713900787, 0.009899068327088147, 0.01015343367114572, 0.2039293177066422, 0.009899068327088147], [0.8520824757079597, 0.08963835696247312, 0.009899068469796466, 0.010597847739909846, 0.02788318265006432, 0.009899068469796466], [0.40181648631610994, 0.10106583897142658, 0.009878943585447043, 0.009878943585447043, 0.46748084395612227, 0.009878943585447043], [0.6618232529118916, 0.10940231377978482, 0.009899068343058953, 0.010388774268290915, 0.19858752235391477, 0.009899068343058953], [0.8275532075374913, 0.11294520424835261, 0.009895964249646772, 0.009895964249646772, 0.029813695465215635, 0.009895964249646772], [0.6976951508175075, 0.18293116830538508, 0.00989906846738071, 0.015829431318409786, 0.08374611262393603, 0.00989906846738071], [0.659811809008084, 0.11708230257993288, 0.009899068601186542, 0.010660793294693332, 0.19264695791491665, 0.009899068601186542], [0.08196633215869668, 0.10654149105956558, 0.009918319737448951, 0.015560285646687455, 0.7760952516601524, 0.009918319737448951], [0.7551577261629285, 0.14521033155138197, 0.009996080289785426, 0.022571774604230547, 0.05706800710188811, 0.009996080289785426], [0.670634620496335, 0.22428202141066628, 0.00999608032700913, 0.026793391508083842, 0.058297805930896555, 0.00999608032700913], [0.13800864953923042, 0.2780422090661847, 0.009996079433640295, 0.03064239801105656, 0.5333145845162478, 0.009996079433640295], [0.09474631824527513, 0.34436577138151936, 0.00999607984310099, 0.028836990931359, 0.5120587597556444, 0.00999607984310099], [0.31968977564316203, 0.4493962609736956, 0.009996080829529172, 0.03477224152577944, 0.17614956019830452, 0.009996080829529172], [0.20250050875945283, 0.3471037766083755, 0.009996079619758791, 0.036070887244774405, 0.3943326681478798, 0.009996079619758791], [0.09809544773256426, 0.27993584528281734, 0.00999608561277802, 0.034932014559506334, 0.5670445211995561, 0.00999608561277802], [0.7032781376540308, 0.2213437869548858, 0.009996079889630617, 0.014929938737010828, 0.04045597687481127, 0.009996079889630617], [0.6950052863695418, 0.22971751082684236, 0.009996686269987632, 0.014450487208068767, 0.04083334305557173, 0.009996686269987632], [0.05481510028642954, 0.0571384740944387, 0.12677589610176968, 0.012435642965961552, 0.7388362177492815, 0.009998668802119082], [0.95011876625803, 0.009976246748393995, 0.009976246748393995, 0.009976246748393995, 0.009976246748393995, 0.009976246748393995], [0.95011876625803, 0.009976246748393995, 0.009976246748393995, 0.009976246748393995, 0.009976246748393995, 0.009976246748393995], [0.6967182532735314, 0.1861796097395568, 0.0361290564826212, 0.033567021106021395, 0.037407049555155655, 0.0099990098431135], [0.13665748378686796, 0.2036699723868225, 0.00999610264267002, 0.013248910451931944, 0.6264314280890377, 0.00999610264267002], [0.7274373514096113, 0.2104689179900496, 0.009997221302985112, 0.01741548905209669, 0.024683798942271983, 0.009997221302985112], [0.6851128977162393, 0.22049136285567023, 0.027707948827762, 0.014478251510439109, 0.042210662491646685, 0.009998876598242652], [0.04829083057833798, 0.10742184031816028, 0.0949821698126797, 0.019692091945122902, 0.71961414929846, 0.009998918047239153], [0.95011876625803, 0.009976246748393995, 0.009976246748393995, 0.009976246748393995, 0.009976246748393995, 0.009976246748393995]], [[0.95011876625803, 0.009976246748393995, 0.009976246748393995, 0.009976246748393995, 0.009976246748393995, 0.009976246748393995], [0.7504436392681649, 0.09626731883840907, 0.1051064975080746, 0.011976418801223972, 0.026207224488910795, 0.009998901095216691], [0.0510552490325161, 0.2557513936418241, 0.009996057090165383, 0.010053914823631438, 0.6631473283216976, 0.009996057090165383], [0.6480923530868236, 0.27050412360842924, 0.00999607996407802, 0.01744086526422042, 0.0439704981123707, 0.00999607996407802], [0.6816784985350194, 0.22794434742500883, 0.009996080922588444, 0.01687174991165859, 0.053513242283136364, 0.009996080922588444], [0.09181513359697463, 0.2017542491487243, 0.00999608105287143, 0.027025562581011554, 0.6594128925675468, 0.00999608105287143], [0.7093652330583672, 0.1817856321876931, 0.009996080782999536, 0.019191832170059136, 0.06966514101788143, 0.009996080782999536], [0.6810723975890898, 0.26784654050220535, 0.009899068328743385, 0.010429419815359619, 0.020853505435858434, 0.009899068328743385], [0.834964384021103, 0.10842381626040025, 0.009889614230216144, 0.009889614230216144, 0.026942957027848248, 0.009889614230216144], [0.8455199654414789, 0.09714863095849428, 0.009893806768351639, 0.009893806768351639, 0.02764998329497188, 0.009893806768351639], [0.06996647948135076, 0.08459790242016077, 0.009899068654556765, 0.010530426888436965, 0.815107053900938, 0.009899068654556765], [0.8735639577294523, 0.07867742035097385, 0.009887046971680693, 0.009887046971680693, 0.018097481004531915, 0.009887046971680693], [0.08790671893906506, 0.09731650606322588, 0.00989906832494081, 0.01054156785894924, 0.7844370704888782, 0.00989906832494081], [0.8540969992415884, 0.0873716318032651, 0.00987366507854263, 0.00987366507854263, 0.028910373719518545, 0.00987366507854263], [0.05687142420032125, 0.0873844107764297, 0.009899068399068612, 0.010876229192132634, 0.8250697990329791, 0.009899068399068612], [0.8660910511497982, 0.08164583746355637, 0.009899068338585339, 0.010836413630377104, 0.021628561079097736, 0.009899068338585339], [0.05105003415676458, 0.2490814254986476, 0.009895293081253918, 0.009895293081253918, 0.6701826611008261, 0.009895293081253918], [0.8515693174960666, 0.09601451848186902, 0.009886393914166257, 0.009886393914166257, 0.02275698227956563, 0.009886393914166257], [0.8366207112258542, 0.10819455200954707, 0.009895398808349014, 0.009895398808349014, 0.025498540339551585, 0.009895398808349014], [0.06029480015740117, 0.1009587402911873, 0.009899068349903582, 0.013897424984724129, 0.8050508978668802, 0.009899068349903582], [0.8331622417406508, 0.10589520512109789, 0.009896116507156574, 0.009896116507156574, 0.03125420361678149, 0.009896116507156574], [0.7928565765119399, 0.11051998926880144, 0.009918319835748667, 0.013827706571716936, 0.06295908797604442, 0.009918319835748667], [0.7220245715489173, 0.14520245862482659, 0.00999607982448914, 0.02850005471427898, 0.08428075546299883, 0.00999607982448914], [0.6994996713588961, 0.19469363590743669, 0.009996079266133655, 0.024353599699375398, 0.0614609345020245, 0.009996079266133655], [0.6077728888204729, 0.29511506767192003, 0.009996079936160245, 0.02621852607216019, 0.050901357563126345, 0.009996079936160245], [0.09283549739859412, 0.32787470305581773, 0.009996079880324691, 0.0439955699332041, 0.5153020698517347, 0.009996079880324691], [0.5021173335885556, 0.3906944875663737, 0.009996080178114316, 0.02491487159545455, 0.062281146893387665, 0.009996080178114316], [0.5265720827573024, 0.3500529468204365, 0.009996082132359143, 0.0272104991416372, 0.07617230701590558, 0.009996082132359143], [0.6242270666142382, 0.26584500873827055, 0.00999641966982219, 0.028476234339892867, 0.06145885096795393, 0.00999641966982219], [0.7152563581416385, 0.20089792773264362, 0.011386318445622374, 0.01559656658594138, 0.046864352936976314, 0.009998476157177881], [0.7977274556760504, 0.057483902088971646, 0.08543638729233083, 0.010869182878305288, 0.038484268245266726, 0.009998803819075251], [0.95011876625803, 0.009976246748393995, 0.009976246748393995, 0.009976246748393995, 0.009976246748393995, 0.009976246748393995], [0.43873646377961906, 0.12693441257020005, 0.2658026789112217, 0.01746209222064637, 0.14106534278228022, 0.009999009736032615], [0.7390889062357779, 0.1446328099147832, 0.04831578820574944, 0.015605565541370745, 0.04235832243884176, 0.009998607663476941], [0.5778322041546972, 0.25059519334289715, 0.04830781487232315, 0.03777369323711604, 0.07549256228004617, 0.00999853211292041], [0.04491262424380349, 0.14557239986618303, 0.06821343834531785, 0.014790911139872211, 0.7165116166315453, 0.009999009773278139], [0.6232945277765748, 0.1220912513862617, 0.1848253749046531, 0.02762274905937655, 0.03216708670412198, 0.009999010169011864], [0.95011876625803, 0.009976246748393995, 0.009976246748393995, 0.009976246748393995, 0.009976246748393995, 0.009976246748393995], [0.7604066476305537, 0.09079005322398132, 0.08092608166876034, 0.01665782106078321, 0.041220386135173, 0.009999010280748451], [0.95011876625803, 0.009976246748393995, 0.009976246748393995, 0.009976246748393995, 0.009976246748393995, 0.009976246748393995]], [[0.95011876625803, 0.009976246748393995, 0.009976246748393995, 0.009976246748393995, 0.009976246748393995, 0.009976246748393995], [0.7504830140534806, 0.07449330277161663, 0.13130360104910074, 0.01206556546002103, 0.021655589699462182, 0.009998926966318766], [0.6446695363593754, 0.2768675399220389, 0.009996080559657292, 0.015562966665688687, 0.04290779593358234, 0.009996080559657292], [0.07281497047244435, 0.3347723857949645, 0.009996081741510116, 0.02657865809192298, 0.545841822157648, 0.009996081741510116], [0.12221638661495958, 0.304130192026171, 0.009996084765937907, 0.020332457646889516, 0.533328794180104, 0.009996084765937907], [0.12992096109859794, 0.2765934120766306, 0.009996079991995798, 0.021613743540232537, 0.5518797233005474, 0.009996079991995798], [0.6458589879614395, 0.25392526705121693, 0.009996079647676563, 0.02014813742539272, 0.060075448266597706, 0.009996079647676563], [0.6856189498076584, 0.0946953026259698, 0.009886492549683714, 0.009886492549683714, 0.19002626991732066, 0.009886492549683714], [0.8537941701612776, 0.09058798566095223, 0.009886843272884195, 0.009886843272884195, 0.025957314359117602, 0.009886843272884195], [0.8652030155002708, 0.08074546395286782, 0.0098786932073451, 0.0098786932073451, 0.024415440924826108, 0.0098786932073451], [0.8659373633146566, 0.07602646594124585, 0.009898925225283618, 0.009898925225283618, 0.028339395068246655, 0.009898925225283618], [0.8784736365250311, 0.06667148569977949, 0.009888486624903258, 0.009888486624903258, 0.025189417900479717, 0.009888486624903258], [0.24579857277068493, 0.09179918898821728, 0.009899068541821668, 0.010225038647111858, 0.6323790625103427, 0.009899068541821668], [0.08310995214225632, 0.07245138385357039, 0.009897732120295637, 0.009897732120295637, 0.8147454676432864, 0.009897732120295637], [0.22611216374578313, 0.08715372627406033, 0.009899068724703058, 0.011079627939879858, 0.6558563445908705, 0.009899068724703058], [0.5206524882153041, 0.24396751864635477, 0.009899068337422197, 0.011682171439074933, 0.20389968502442193, 0.009899068337422197], [0.271118228478011, 0.06328184382460415, 0.009899068340195837, 0.010423895831482934, 0.6353778951855102, 0.009899068340195837], [0.20775388493414285, 0.06442859971086255, 0.00987992926704433, 0.00987992926704433, 0.6981777275538616, 0.00987992926704433], [0.8633370122285894, 0.07717303365004559, 0.009899068579981608, 0.010972188111718397, 0.02871962884968345, 0.009899068579981608], [0.8474949291304534, 0.09261717330732631, 0.009899068770512881, 0.011326943311406877, 0.02876281670978757, 0.009899068770512881], [0.8497622733804362, 0.08643653703556019, 0.00989907093994844, 0.010850795713760079, 0.033152251990346666, 0.00989907093994844], [0.8234337213623262, 0.1111100303005951, 0.00991831976137717, 0.012858259609525299, 0.03276134920479916, 0.00991831976137717], [0.7173075621970791, 0.16757188904270712, 0.009996079694206187, 0.02152098576493857, 0.07360740360686284, 0.009996079694206187], [0.730472551650512, 0.17729111019012694, 0.00999607904279148, 0.02290843771934511, 0.049335742354433165, 0.00999607904279148], [0.06720504143057654, 0.22513977877512956, 0.009996079349886973, 0.015231980444148691, 0.6724310406503713, 0.009996079349886973], [0.6122432080708549, 0.3028961868631549, 0.009996079861712841, 0.024499464474214517, 0.04036898086835002, 0.009996079861712841], [0.5924330947789562, 0.3079359660798177, 0.009996080233949869, 0.029528986570172118, 0.05010979210315413, 0.009996080233949869], [0.6857172437620652, 0.22529806497596472, 0.009996840900536179, 0.024564615796585764, 0.04442639366431187, 0.009996840900536179], [0.7272607581753343, 0.07750394958539199, 0.10388462603721549, 0.016526155340752458, 0.06482552968760134, 0.009998981173704359], [0.6324