{"prediction": [[[0.9999950000250003, 9.999950000250002e-07, 9.999950000250002e-07, 9.999950000250002e-07, 9.999950000250002e-07, 9.999950000250002e-07], [0.9999950000250003, 9.999950000250002e-07, 9.999950000250002e-07, 9.999950000250002e-07, 9.999950000250002e-07, 9.999950000250002e-07], [0.9999950000250003, 9.999950000250002e-07, 9.999950000250002e-07, 9.999950000250002e-07, 9.999950000250002e-07, 9.999950000250002e-07], [0.9999950000250003, 9.999950000250002e-07, 9.999950000250002e-07, 9.999950000250002e-07, 9.999950000250002e-07, 9.999950000250002e-07], [0.9999950000250003, 9.999950000250002e-07, 9.999950000250002e-07, 9.999950000250002e-07, 9.999950000250002e-07, 9.999950000250002e-07], [0.9999950000250003, 9.999950000250002e-07, 9.999950000250002e-07, 9.999950000250002e-07, 9.999950000250002e-07, 9.999950000250002e-07], [0.9999950000250003, 9.999950000250002e-07, 9.999950000250002e-07, 9.999950000250002e-07, 9.999950000250002e-07, 9.999950000250002e-07], [0.9999950000250003, 9.999950000250002e-07, 9.999950000250002e-07, 9.999950000250002e-07, 9.999950000250002e-07, 9.999950000250002e-07], [0.9999950000250003, 9.999950000250002e-07, 9.999950000250002e-07, 9.999950000250002e-07, 9.999950000250002e-07, 9.999950000250002e-07], [0.9999950000250003, 9.999950000250002e-07, 9.999950000250002e-07, 9.999950000250002e-07, 9.999950000250002e-07, 9.999950000250002e-07], [0.9999950000250003, 9.999950000250002e-07, 9.999950000250002e-07, 9.999950000250002e-07, 9.999950000250002e-07, 9.999950000250002e-07], [0.9999950000250003, 9.999950000250002e-07, 9.999950000250002e-07, 9.999950000250002e-07, 9.999950000250002e-07, 9.999950000250002e-07], [0.9999950000250003, 9.999950000250002e-07, 9.999950000250002e-07, 9.999950000250002e-07, 9.999950000250002e-07, 9.999950000250002e-07], [0.9999950000250003, 9.999950000250002e-07, 9.999950000250002e-07, 9.999950000250002e-07, 9.999950000250002e-07, 9.999950000250002e-07], [0.9999950000250003, 9.999950000250002e-07, 9.999950000250002e-07, 9.999950000250002e-07, 9.999950000250002e-07, 9.999950000250002e-07], [0.9999950000250003, 9.999950000250002e-07, 9.999950000250002e-07, 9.999950000250002e-07, 9.999950000250002e-07, 9.999950000250002e-07], [0.9999950000250003, 9.999950000250002e-07, 9.999950000250002e-07, 9.999950000250002e-07, 9.999950000250002e-07, 9.999950000250002e-07], [0.9999950000250003, 9.999950000250002e-07, 9.999950000250002e-07, 9.999950000250002e-07, 9.999950000250002e-07, 9.999950000250002e-07], [0.9999950000250003, 9.999950000250002e-07, 9.999950000250002e-07, 9.999950000250002e-07, 9.999950000250002e-07, 9.999950000250002e-07], [0.9999950000250003, 9.999950000250002e-07, 9.999950000250002e-07, 9.999950000250002e-07, 9.999950000250002e-07, 9.999950000250002e-07], [0.9999950000250003, 9.999950000250002e-07, 9.999950000250002e-07, 9.999950000250002e-07, 9.999950000250002e-07, 9.999950000250002e-07], [0.9999950000250003, 9.999950000250002e-07, 9.999950000250002e-07, 9.999950000250002e-07, 9.999950000250002e-07, 9.999950000250002e-07], [0.9999950000250003, 9.999950000250002e-07, 9.999950000250002e-07, 9.999950000250002e-07, 9.999950000250002e-07, 9.999950000250002e-07], [0.9999950000250003, 9.999950000250002e-07, 9.999950000250002e-07, 9.999950000250002e-07, 9.999950000250002e-07, 9.999950000250002e-07], [0.9999950000250003, 9.999950000250002e-07, 9.999950000250002e-07, 9.999950000250002e-07, 9.999950000250002e-07, 9.999950000250002e-07], [0.9999950000250003, 9.999950000250002e-07, 9.999950000250002e-07, 9.999950000250002e-07, 9.999950000250002e-07, 9.999950000250002e-07], [0.9999950000250003, 9.999950000250002e-07, 9.999950000250002e-07, 9.999950000250002e-07, 9.999950000250002e-07, 9.999950000250002e-07], [0.9999950000250003, 9.999950000250002e-07, 9.999950000250002e-07, 9.999950000250002e-07, 9.999950000250002e-07, 9.999950000250002e-07], [0.9999950000250003, 9.999950000250002e-07, 9.999950000250002e-07, 9.999950000250002e-07, 9.999950000250002e-07, 9.999950000250002e-07], [0.9999950000250003, 9.999950000250002e-07, 9.999950000250002e-07, 9.999950000250002e-07, 9.999950000250002e-07, 9.999950000250002e-07], [0.9999950000250003, 9.999950000250002e-07, 9.999950000250002e-07, 9.999950000250002e-07, 9.999950000250002e-07, 9.999950000250002e-07], [0.9999950000250003, 9.999950000250002e-07, 9.999950000250002e-07, 9.999950000250002e-07, 9.999950000250002e-07, 9.999950000250002e-07], [0.9999950000250003, 9.999950000250002e-07, 9.999950000250002e-07, 9.999950000250002e-07, 9.999950000250002e-07, 9.999950000250002e-07], [0.9999950000250003, 9.999950000250002e-07, 9.999950000250002e-07, 9.999950000250002e-07, 9.999950000250002e-07, 9.999950000250002e-07], [0.9999950000250003, 9.999950000250002e-07, 9.999950000250002e-07, 9.999950000250002e-07, 9.999950000250002e-07, 9.999950000250002e-07], [0.9999950000250003, 9.999950000250002e-07, 9.999950000250002e-07, 9.999950000250002e-07, 9.999950000250002e-07, 9.999950000250002e-07], [0.9999950000250003, 9.999950000250002e-07, 9.999950000250002e-07, 9.999950000250002e-07, 9.999950000250002e-07, 9.999950000250002e-07], [0.9999950000250003, 9.999950000250002e-07, 9.999950000250002e-07, 9.999950000250002e-07, 9.999950000250002e-07, 9.999950000250002e-07], [0.9999950000250003, 9.999950000250002e-07, 9.999950000250002e-07, 9.999950000250002e-07, 9.999950000250002e-07, 9.999950000250002e-07], [0.9999950000250003, 9.999950000250002e-07, 9.999950000250002e-07, 9.999950000250002e-07, 9.999950000250002e-07, 9.999950000250002e-07]], [[0.9999950000250003, 9.999950000250002e-07, 9.999950000250002e-07, 9.999950000250002e-07, 9.999950000250002e-07, 9.999950000250002e-07], [0.8903439733360237, 0.05252334038066337, 0.03502959217590319, 0.006279672349399616, 0.015822414041122765, 1.0077168873846138e-06], [0.8005418523422788, 0.09397241625980403, 0.0751548261856761, 0.010972118736562298, 0.019357782624650256, 1.00385102848906e-06], [0.7469797398950222, 0.11144593683034827, 0.09932234188150355, 0.013963240372647874, 0.028287737169449594, 1.0038510284880371e-06], [0.7107948060288924, 0.12355623859108866, 0.11759641355361704, 0.016315674809110406, 0.03173586316626315, 1.0038510282234721e-06], [0.6965175792454276, 0.12826052530868082, 0.1242925292076331, 0.01718224756642061, 0.03374611482080959, 1.0038510282224491e-06], [0.7105090558149945, 0.12385002320748012, 0.11759641355247837, 0.0163156300942191, 0.03172787347979984, 1.0038510282224495e-06], [0.7489826208041143, 0.1115214185934049, 0.0993223415906569, 0.013951639890281227, 0.026220975270514472, 1.0038510282224491e-06], [0.7971424607584819, 0.09414644364769488, 0.0752101491133911, 0.010963684168782918, 0.02253625846062092, 1.0038510282224491e-06], [0.035912814418455875, 0.06056240519107321, 0.04929003030423318, 0.006376151061517556, 0.8478575951736919, 1.003851028222449e-06], [0.02062858053991551, 0.039239752992180174, 0.02204805632372999, 0.0032023625531563808, 0.9148802437399897, 1.0038510282224491e-06], [0.952935032993599, 0.023576769289342638, 0.011781047420924992, 0.0023020298948521535, 0.009404116550252912, 1.0038510282224506e-06], [0.9733951064450852, 0.012218953375384851, 0.004600571300955377, 0.0012833280309288463, 0.00850103699661757, 1.0038510282228498e-06], [0.014595332950272556, 0.01415151371656957, 0.008475831592226965, 0.001378577507124941, 0.9613977403827777, 1.0038510282224506e-06], [0.9526991610746813, 0.023668894888468482, 0.01181446157601023, 0.002308944609257755, 0.009507534000553913, 1.003851028222449e-06], [0.9217183614234311, 0.041308210469960964, 0.026806332561586675, 0.0036345868724965854, 0.0065315048214964816, 1.0038510282215585e-06], [0.8543692414702667, 0.07364889737477102, 0.050683382501419, 0.008211572829320135, 0.013085901973195063, 1.0038510279911306e-06], [0.7952433738740451, 0.094042739083583, 0.07519041907958832, 0.01095765046352712, 0.024564813648228538, 1.00385102799024e-06], [0.05677197224948363, 0.10686492439934324, 0.09283744518388994, 0.012181256825863324, 0.7313433974903918, 1.0038510279911308e-06], [0.06331377582895595, 0.12596247297418078, 0.1159157689628292, 0.014077536825971028, 0.6807294415570347, 1.0038510282215583e-06], [0.06754602633826404, 0.13292207822013832, 0.12441446669906644, 0.014777014677236055, 0.6603394102142669, 1.0038510282224491e-06], [0.7068150624099065, 0.12359578597707896, 0.11759690970398863, 0.016307951277143632, 0.03568328678085397, 1.0038510282224493e-06], [0.7492723327076808, 0.11122573660330864, 0.09932234159065692, 0.013951646023316507, 0.026226939224009014, 1.0038510282224493e-06], [0.8005894485286154, 0.09390067078125511, 0.07521546466804116, 0.010970792326135742, 0.019322619844924494, 1.0038510282224493e-06], [0.8513352940026827, 0.07320020316087619, 0.050665008177098285, 0.008214822605775341, 0.016583668202539238, 1.0038510282224491e-06], [0.02014912483354441, 0.03932757087995692, 0.02206944746806278, 0.003210116830592171, 0.9152427361368155, 1.0038510282224491e-06], [0.009863726968304237, 0.033828912286390775, 0.01609838469015064, 0.002487204824176377, 0.9377207673799497, 1.0038510282224491e-06], [0.034096240499235334, 0.05788773908648841, 0.046030227728332006, 0.005989513677337976, 0.855995275157578, 1.0038510282224491e-06], [0.7861849237243033, 0.09729064028660658, 0.07910639037965186, 0.011384643678833167, 0.026032398079576875, 1.0038510282224491e-06], [0.0664441498254142, 0.12583966004828243, 0.11595313301115269, 0.014088304982410862, 0.6776737482817116, 1.0038510282224491e-06], [0.09106310937821893, 0.1531828407058625, 0.14790074230298425, 0.021273031968048035, 0.5865792717938579, 1.0038510282234717e-06], [0.10326487345408607, 0.1627699298111366, 0.1701515249188282, 0.024302988371920346, 0.5395096795930003, 1.0038510284880371e-06], [0.1425102762928378, 0.17449334695870491, 0.1380785089097519, 0.027168630113115235, 0.5177482300087026, 1.0077168873846136e-06], [0.9999950000250003, 9.999950000250002e-07, 9.999950000250002e-07, 9.999950000250002e-07, 9.999950000250002e-07, 9.999950000250002e-07], [0.10692068848721108, 0.13569718842342696, 0.10988249128294635, 0.017285291539155066, 0.630213332550373, 1.0077168873846136e-06], [0.7068342627722021, 0.12328761000042483, 0.11746312538549958, 0.016305752672821132, 0.036108245318023896, 1.0038510284890602e-06], [0.7919897203901878, 0.09716478766617606, 0.07911969625807867, 0.011407460602909732, 0.0203173312316191, 1.0038510284890597e-06], [0.8628960338538958, 0.06932022027818315, 0.047826028008447534, 0.007664851671203031, 0.012291862337241957, 1.0038510284890597e-06], [0.9426589189756764, 0.030827871285562577, 0.018712969183959285, 0.0029701743642263252, 0.004829058473687909, 1.0077168873846136e-06], [0.9999950000250003, 9.999950000250002e-07, 9.999950000250002e-07, 9.999950000250002e-07, 9.999950000250002e-07, 9.999950000250002e-07]], [[0.9999950000250003, 9.999950000250002e-07, 9.999950000250002e-07, 9.999950000250002e-07, 9.999950000250002e-07, 9.999950000250002e-07], [0.04544947280963024, 0.07618816995032882, 0.06142005309281239, 0.008551688332389989, 0.80838961196381, 1.00385102848906e-06], [0.6945657818396325, 0.2563590669061268, 0.0005264348720196213, 0.014988623912645526, 0.03355909246957562, 9.99999999998008e-07], [0.09205588334841266, 0.324001767965869, 0.00038349510962817375, 0.018779367237054402, 0.5647784863390362, 9.999999997344503e-07], [0.5657390953821647, 0.37663183537459105, 0.00045380199135361057, 0.018064500124133184, 0.03910976712782592, 9.999999315607526e-07], [0.4757666584530643, 0.4658085512937496, 0.00047958906649937897, 0.018958563542765636, 0.03898563764398983, 9.999999312971987e-07], [0.49041511667620585, 0.45265553545943943, 0.0004538017276799395, 0.01805453071417824, 0.03842001542256534, 9.999999312971987e-07], [0.6078016917397899, 0.3435383108193593, 0.0003834266461313445, 0.015777669366783462, 0.03249790142800469, 9.999999312971987e-07], [0.6674399645319851, 0.2935924476556403, 0.00029056844159717224, 0.012699168507105467, 0.0259768508637407, 9.999999312971985e-07], [0.8183741998777679, 0.15392337670261313, 0.00019074775145461588, 0.008939087814803202, 0.018571587853429872, 9.999999312971985e-07], [0.8925311443261242, 0.08735931469213098, 8.583647911050046e-05, 0.005252059168749484, 0.014770645333953494, 9.999999312971987e-07], [0.01831568206405755, 0.04610441206336946, 4.629731219446507e-05, 0.0024955876962749835, 0.9330370208641723, 9.999999312975957e-07], [0.01437408580882934, 0.021182255363365925, 1.8644760389155073e-05, 0.0007262476601251444, 0.9636977664073589, 9.999999313999745e-07], [0.9443126012796098, 0.039504173079627274, 3.356863114481258e-05, 0.002380435169878089, 0.013768221839808747, 9.99999931297596e-07], [0.025211031114175445, 0.06621347417367757, 4.6425992689592904e-05, 0.003778144114339221, 0.904749924605187, 9.999999312971985e-07], [0.8953611091876457, 0.08806831522137941, 0.0001041607958712421, 0.005264295589744751, 0.011201119205428, 9.999999310676517e-07], [0.7065321853462654, 0.2671609601262532, 0.00019605405768957448, 0.007679974146211946, 0.018429826323708164, 9.999998716905678e-07], [0.05485812785475555, 0.25855609330814233, 0.0002904326068706258, 0.011050995553691111, 0.6752433506766689, 9.999998714610206e-07], [0.6540755260108385, 0.2972908420194783, 0.0003583931044513558, 0.013542403188956966, 0.03473183567640313, 9.999998716905678e-07], [0.5625555532775421, 0.37629421686719555, 0.0004473291857711233, 0.01803932153306042, 0.042662579136499616, 9.999999310676513e-07], [0.08820465214815251, 0.3950040608928709, 0.00048005865865822454, 0.019468348818697502, 0.4968418794816897, 9.999999312971985e-07], [0.1625394522724461, 0.38220691023571324, 0.00045380363840367245, 0.018463684787353527, 0.4363351490661522, 9.999999312971985e-07], [0.6827591857446965, 0.267347265728552, 0.00038342664613134447, 0.015779242170080757, 0.033729879710608125, 9.999999312971985e-07], [0.7452485032828724, 0.21764492258212725, 0.0002905889122723865, 0.012698844636214648, 0.024116140586582076, 9.999999312971985e-07], [0.8218140802325267, 0.15367957285768571, 0.0001960429139193668, 0.008946167345082244, 0.01536313665085477, 9.999999312971985e-07], [0.8925478878485601, 0.08776146214563693, 8.591885831585669e-05, 0.005258533934810125, 0.014345197212745747, 9.999999312971987e-07], [0.022797632465797083, 0.15042451039989818, 6.292376281632781e-05, 0.004185595454841957, 0.8225283379167152, 9.999999312971985e-07], [0.8647323716408214, 0.11171077546978596, 0.00017819396089328496, 0.006523456327755972, 0.016854202600812142, 9.999999312971987e-07], [0.6987328023254205, 0.26739703599178366, 0.00030557321433851483, 0.011130706417297376, 0.02243288205122872, 9.999999312971985e-07], [0.616129734912662, 0.3335586222867242, 0.00044747330770082087, 0.015114234825701449, 0.034748934667280226, 9.999999312971987e-07], [0.16412291256963607, 0.39458520248988327, 0.0005705066651683815, 0.019497013401238574, 0.4212233648741422, 9.999999315607528e-07], [0.11185095411612782, 0.41007136514249215, 0.0010153973434954364, 0.025857244049935307, 0.4512040393479497, 9.999999997344536e-07], [0.37019862626529604, 0.3279600273855502, 0.09378758323120615, 0.03132795678758466, 0.17672480247933445, 1.0038510284890597e-06], [0.9999950000250003, 9.999950000250002e-07, 9.999950000250002e-07, 9.999950000250002e-07, 9.999950000250002e-07, 9.999950000250002e-07], [0.6136631841170735, 0.14931646858029235, 0.16292990282203426, 0.02282620398915762, 0.05126323664041367, 1.00385102848906e-06], [0.0891082971932728, 0.31215280997082856, 0.0010791812978609163, 0.017922425062713538, 0.5797362864753243, 9.999999999980077e-07], [0.7350943108793984, 0.22601165105282847, 0.00030569317716668334, 0.01313255951785922, 0.025454785372747306, 9.99999999998004e-07], [0.845774956318071, 0.13077250173944435, 0.00026966357012857446, 0.007680470616153884, 0.015501407756202125, 9.999999999980077e-07], [0.93492232247087, 0.035103640087873075, 0.022011037725778785, 0.0027240575956344803, 0.005237938268815106, 1.0038510284890597e-06], [0.9999950000250003, 9.999950000250002e-07, 9.999950000250002e-07, 9.999950000250002e-07, 9.999950000250002e-07, 9.999950000250002e-07]], [[0.9999950000250003, 9.999950000250002e-07, 9.999950000250002e-07, 9.999950000250002e-07, 9.999950000250002e-07, 9.999950000250002e-07], [0.7888085202077708, 0.09735356495846025, 0.07903943406943797, 0.011408854258872277, 0.023388622654430247, 1.00385102848906e-06], [0.6571718711936553, 0.2911705852008895, 0.0003053840802960364, 0.017086940053961195, 0.03426421947119822, 9.999999999980041e-07], [0.577923812274917, 0.35499505997122827, 9.99999999466862e-07, 0.021307221631360406, 0.045771906122495466, 9.99999999466862e-07], [0.5329849237809814, 0.4053929878066649, 9.999998625943985e-07, 0.020482406870611366, 0.04113768154201709, 9.999998625943985e-07], [0.4422567699513201, 0.4923912344895549, 9.999998620652608e-07, 0.02157270653116153, 0.0437772890282395, 9.999998620652608e-07], [0.09523044317590235, 0.4889219064909574, 9.999998620652608e-07, 0.020883935845228987, 0.3949617144881871, 9.999998620652608e-07], [0.488532946378816, 0.37753314424590556, 9.999998620652608e-07, 0.018047814914062744, 0.11588409446149157, 9.999998620652608e-07], [0.14774387564765062, 0.3305977509909198, 9.999998620652608e-07, 0.014556660741097315, 0.507099712620608, 9.999998620652608e-07], [0.7110407957667794, 0.2579506785320469, 9.999998620652608e-07, 0.010550731988886211, 0.020455793712563387, 9.999998620652608e-07], [0.8788840163406334, 0.10519917130413738, 9.999998620652608e-07, 0.006184404134148801, 0.009730408221356346, 9.999998620652608e-07], [0.9386503330554207, 0.04790038479019467, 9.999998620652638e-07, 0.003084134945410815, 0.010363147209249876, 9.999998620652638e-07], [0.9490163548652516, 0.04169099330788336, 9.999998620660553e-07, 0.0025604619141722153, 0.006730189912968797, 9.999998620660553e-07], [0.9189810449074551, 0.07084221052753709, 9.999998620652638e-07, 0.004372077789190365, 0.005802666776093246, 9.999998620652638e-07], [0.8686060577555809, 0.11099972852187234, 9.99999862065261e-07, 0.006507411597948736, 0.013884802124873955, 9.99999862065261e-07], [0.8190023569618273, 0.15399327084285322, 9.999998616043986e-07, 0.008934286692658805, 0.018068085502937384, 9.999998616043986e-07], [0.043885681658630146, 0.22568320317377227, 9.99999742392929e-07, 0.009174953350593639, 0.7212541618175192, 9.99999742392929e-07], [0.605551345634879, 0.2807990274854896, 9.999997419320672e-07, 0.012407398478038198, 0.10124022840210949, 9.999997419320672e-07], [0.14299360744155318, 0.33184998483261496, 9.99999742392929e-07, 0.01583815382549185, 0.5093162539008553, 9.99999742392929e-07], [0.1695092454452293, 0.41311658629813797, 9.999998616043986e-07, 0.020875433118091022, 0.39649673513881856, 9.999998616043986e-07], [0.4407615244197285, 0.49182633152822436, 9.999998620652608e-07, 0.021574718251557035, 0.04583542580076604, 9.999998620652608e-07], [0.454413951995434, 0.4811614124701749, 9.999998620652608e-07, 0.02047274295928807, 0.04394989257537899, 9.999998620652608e-07], [0.5677156717343013, 0.37718384567490093, 9.999998620652604e-07, 0.018045874000290684, 0.037052608590782965, 9.999998620652604e-07], [0.6329036395397177, 0.32363006956497276, 9.99999862065261e-07, 0.014465807792914091, 0.028998483102671512, 9.99999862065261e-07], [0.7104087946693591, 0.25822314298601157, 9.999998620652608e-07, 0.010551428827744569, 0.020814633517160515, 9.999998620652608e-07], [0.8782863412607832, 0.10571623731922011, 9.999998620652608e-07, 0.006212992788846522, 0.009782428631426086, 9.999998620652608e-07], [0.8678742013505932, 0.11203963255976711, 9.99999862065261e-07, 0.00651593986332093, 0.013568226226594671, 9.99999862065261e-07], [0.7978205539001242, 0.1720581225092479, 9.999998620652604e-07, 0.009998060856440233, 0.020121262734463345, 9.999998620652604e-07], [0.062064672971385224, 0.22284581262169276, 9.999998620652604e-07, 0.01288476834953081, 0.7022027460576671, 9.999998620652604e-07], [0.6300047021004049, 0.32351810562061856, 9.999998620652608e-07, 0.014495208821345534, 0.03197998345790671, 9.999998620652608e-07], [0.4901248859660621, 0.37760705406821127, 9.999998625943987e-07, 0.0180743215338871, 0.1141917384321142, 9.999998625943987e-07], [0.5379355417341973, 0.38721405807980364, 0.000655791199183736, 0.024172889350196354, 0.05002071963661933, 9.99999999733435e-07], [0.5874051695331256, 0.1690414097964695, 0.1700285905335062, 0.02525919789021907, 0.04826462839565115, 1.00385102848906e-06], [0.9999950000250003, 9.999950000250002e-07, 9.999950000250002e-07, 9.999950000250002e-07, 9.999950000250002e-07, 9.999950000250002e-07], [0.09750830548405366, 0.15268652088496845, 0.14778048625203807, 0.021264808342749963, 0.5807588751851614, 1.00385102848906e-06], [0.6532150108710958, 0.29034176048965, 0.0009189952191720574, 0.017082066013971366, 0.03844116740611077, 9.99999999998008e-07], [0.7448106194586438, 0.2145826125652123, 6.310907551147031e-06, 0.012461624527147538, 0.028137832541445352, 9.99999999998004e-07], [0.030401231453458126, 0.12015179156925307, 0.0001534327170563325, 0.006467699711923564, 0.842824844548309, 9.999999999980041e-07], [0.879694396126522, 0.05833180337926794, 0.039578735638260566, 0.0060748656900612, 0.016319195314859807, 1.0038510284890597e-06], [0.9999950000250003, 9.999950000250002e-07, 9.999950000250002e-07, 9.999950000250002e-07, 9.999950000250002e-07, 9.999950000250002e-07]], [[0.9999950000250003, 9.999950000250002e-07, 9.999950000250002e-07, 9.999950000250002e-07, 9.999950000250002e-07, 9.999950000250002e-07], [0.782964386836238, 0.10076531334286498, 0.08305225784833896, 0.011861924675883645, 0.02135511344564591, 1.00385102848906e-06], [0.6395119225787058, 0.3037771083544272, 0.0003208378237526979, 0.017851960226308094, 0.038537171016806086, 9.99999999998004e-07], [0.5607539005602717, 0.370556515480694, 9.99999999466862e-07, 0.022374845982886762, 0.046312737976148474, 9.99999999466862e-07], [0.4442708993228524, 0.4160729169304903, 9.999998625943987e-07, 0.021584307738308595, 0.11806987600862351, 9.999998625943987e-07], [0.27097799944652456, 0.5749910390350172, 9.999998620652604e-07, 0.03096679688543701, 0.12306216463329693, 9.999998620652604e-07], [0.5178777339596264, 0.4167641048076358, 9.999998620652604e-07, 0.02157271162342581, 0.043783449609587875, 9.999998620652604e-07], [0.5510877586500205, 0.39068570572311817, 9.999998620652608e-07, 0.01895065656850659, 0.039273879058630605, 9.999998620652608e-07], [0.6176375386515675, 0.33462097367030186, 9.999998620652604e-07, 0.015114030253531622, 0.032625457424874764, 9.999998620652604e-07], [0.7012448115381331, 0.26786558384732706, 9.999998620652608e-07, 0.01111859481536861, 0.019769009799447023, 9.999998620652608e-07], [0.8679982879030467, 0.1116045367360441, 9.99999862065261e-07, 0.006508126117461471, 0.013887049243723667, 9.99999862065261e-07], [0.02485254070974006, 0.06658053837122847, 9.999998620652608e-07, 0.0037968698269864416, 0.9047680510923211, 9.999998620652608e-07], [0.896107211548707, 0.08746842802224938, 9.999998620652608e-07, 0.005255771156157624, 0.011166589273161729, 9.999998620652608e-07], [0.8718596077222698, 0.11118985268049886, 9.999998620652608e-07, 0.006519244753830079, 0.010429294843677023, 9.999998620652608e-07], [0.7995996713354553, 0.1729132707203479, 9.999998620652608e-07, 0.009997354748368189, 0.01748770319610458, 9.999998620652608e-07], [0.6695289891939114, 0.29367079197204193, 9.999998616043986e-07, 0.012688253426015466, 0.024109965408308093, 9.999998616043986e-07], [0.6081885363757447, 0.3481710934450115, 9.999997423929287e-07, 0.012674689655960625, 0.030963680523798488, 9.999997423929287e-07], [0.06542912988823134, 0.43290416975637985, 9.99999741932067e-07, 0.013035835697719798, 0.4886288646581852, 9.99999741932067e-07], [0.4710014097634955, 0.47407944745875197, 9.99999742392929e-07, 0.01626542622566321, 0.03865171655260458, 9.99999742392929e-07], [0.44224664446774775, 0.49183618749859076, 9.999998616043986e-07, 0.02156235663629984, 0.04435281139763848, 9.999998616043986e-07], [0.27068562609939717, 0.4999462573898755, 9.999998620652608e-07, 0.030966796885437017, 0.19839931962556617, 9.999998620652608e-07], [0.097790503578068, 0.4253875703119826, 9.999998620652608e-07, 0.02191183158515401, 0.45490809452507136, 9.999998620652608e-07], [0.5500579557701575, 0.39042544048164074, 9.999998620652608e-07, 0.018951966240997445, 0.0405626375074802, 9.999998620652608e-07], [0.5419640086585081, 0.4099360312499593, 9.999998620652608e-07, 0.015114734601679933, 0.03298322549012853, 9.999998620652608e-07], [0.05195031507856277, 0.346184953848724, 9.999998620652608e-07, 0.011407196212806562, 0.5904555348601825, 9.999998620652608e-07], [0.783285176023588, 0.1832067747276985, 9.999998620652608e-07, 0.010551798475627133, 0.022954250773362255, 9.999998620652608e-07], [0.6703299491289105, 0.305289282785863, 9.999998620652608e-07, 0.008968136858537822, 0.01541063122696441, 9.999998620652608e-07], [0.744652499889517, 0.21853092659049964, 9.999998620652608e-07, 0.012695180956408997, 0.02411939256385013, 9.999998620652608e-07], [0.6063311882666025, 0.3430867501057267, 9.999998620652608e-07, 0.015773578246036177, 0.03480648338191034, 9.999998620652608e-07], [0.6430530672053884, 0.3018471605394647, 9.999998620652608e-07, 0.018045908720891603, 0.03705186353453122, 9.999998620652608e-07], [0.47590702064078383, 0.46580517435625796, 9.99999862594399e-07, 0.018974498964765222, 0.03931130603846779, 9.99999862594399e-07], [0.5792120233912693, 0.354990662800172, 0.0006292652824126857, 0.02135094738022756, 0.04381610114591868, 9.999999997334349e-07], [0.6195554109127686, 0.14957898126922617, 0.16314069117742608, 0.0228616916527869, 0.04486222113676378, 1.00385102848906e-06], [0.9999950000250003, 9.999950000250002e-07, 9.999950000250002e-07, 9.999950000250002e-07, 9.999950000250002e-07, 9.999950000250002e-07], [0.7332871264993541, 0.11362917967123906, 0.0920090428342341, 0.01577936151478069, 0.04529428176350458, 1.0077168873846138e-06], [0.7459771283171839, 0.1163412966784418, 0.09094894469880509, 0.01263681279866045, 0.034094813670710475, 1.003836198272893e-06], [0.04962076162295242, 0.15910235114977506, 0.0017823534936236625, 0.010565467260809912, 0.778928066458122, 1.000014717082439e-06], [0.04886816707796781, 0.21486950212173025, 0.00024333925571262468, 0.012585607004519002, 0.7234323845400703, 9.999999999980077e-07], [0.04008338287279842, 0.07608798547260422, 0.06149048373891377, 0.008544783959553078, 0.813792360105102, 1.00385102848906e-06], [0.9999950000250003, 9.999950000250002e-07, 9.999950000250002e-07, 9.999950000250002e-07, 9.999950000250002e-07, 9.999950000250002e-07]], [[0.9999950000250003, 9.999950000250002e-07, 9.999950000250002e-07, 9.999950000250002e-07, 9.999950000250002e-07, 9.999950000250002e-07], [0.7893079966619874, 0.09752067808499822, 0.07918479206029534, 0.011430046526240648, 0.022555482815449945, 1.00385102848906e-06], [0.0840376331949236, 0.2996265050257767, 0.00030594386692606396, 0.017208252490161606, 0.5988206654222121, 9.99999999998004e-07], [0.5757534790559956, 0.3551698053541535, 9.999999994668622e-07, 0.021319188952552026, 0.04775552663730001, 9.999999994668622e-07], [0.5315878739096715, 0.4051850647053455, 9.999998625943985e-07, 0.02048722070274456, 0.042737840682513115, 9.999998625943985e-07], [0.09808264007573883, 0.4253866350434461, 9.999998620652604e-07, 0.021911844931126072, 0.4546168799499648, 9.999998620652604e-07], [0.45598150251416103, 0.4811401454233848, 9.999998620652604e-07, 0.020471154875531625, 0.042405197187198304, 9.999998620652604e-07], [0.491505795408307, 0.45339682835706674, 9.999998620652608e-07, 0.01804586550728498, 0.03704951072761706, 9.999998620652608e-07], [0.5549379622447297, 0.399274561471017, 9.999998620652608e-07, 0.01446650464967136, 0.03131897163485778, 9.999998620652608e-07], [0.7879369046022449, 0.18288042607457744, 9.999998620652608e-07, 0.010550389368729544, 0.018630279954724067, 9.999998620652608e-07], [0.7999134994556623, 0.18084863417073577, 9.999998620652604e-07, 0.006199100430279763, 0.013036765943598105, 9.999998620652604e-07], [0.8652409423222664, 0.11142271162361661, 9.99999862065261e-07, 0.006514311067247943, 0.01682003498714493, 9.99999862065261e-07], [0.821871230879493, 0.15382331094702534, 1.00001457913196e-06, 0.008939546168658472, 0.015363911975664795, 1.00001457913196e-06], [0.7886978864197045, 0.18216939617712516, 1.003836055959099e-06, 0.010542631748550664, 0.018588077982507598, 1.003836055959099e-06], [0.5937114151351851, 0.36948899927797524, 1.0038360559590993e-06, 0.01269455676057558, 0.02410302115415206, 1.0038360559590993e-06], [0.6817545770498026, 0.2684688380269773, 1.0000145786710844e-06, 0.016025346248950287, 0.03374923864511243, 1.0000145786710844e-06], [0.21051338319522467, 0.26454139099379254, 9.999997423929287e-07, 0.08333581124860738, 0.44160741456289065, 9.999997423929287e-07], [0.4715443067570003, 0.47331227754789196, 9.99999741932067e-07, 0.01651460120303554, 0.03862681449258842, 9.99999741932067e-07], [0.07557440672324515, 0.46802547341128337, 9.99999742392929e-07, 0.01586666947691031, 0.4405314503890763, 9.99999742392929e-07], [0.45512708645517574, 0.4064097256333909, 9.999998616043986e-07, 0.020461386523412135, 0.11799980138829817, 9.999998616043986e-07], [0.4439415087608202, 0.4914863001045995, 9.999998620652604e-07, 0.02157111075289758, 0.042999080381958404, 9.999998620652604e-07], [0.531900013324729, 0.4052205043208061, 9.999998620652604e-07, 0.020471154875531618, 0.042406327479209215, 9.999998620652604e-07], [0.6433474852517923, 0.30155657967111454, 9.999998620652608e-07, 0.018045946688600035, 0.0370479883887688, 9.999998620652608e-07], [0.7077840431503105, 0.24831767677569563, 9.999998620652604e-07, 0.01450371655443727, 0.02939256351983234, 9.999998620652604e-07], [0.6142338764228474, 0.3340606855191863, 9.99999862065261e-07, 0.015117086365319273, 0.03658635169292302, 9.99999862065261e-07], [0.07326051041608347, 0.32972423274644863, 9.99999862065261e-07, 0.01455667432754807, 0.5824565825101959, 9.99999862065261e-07], [0.739809266169434, 0.2194578400425684, 9.999998620652608e-07, 0.012713158743133937, 0.02801773504513949, 9.999998620652608e-07], [0.7086565859603532, 0.24755723187980958, 9.999998620652604e-07, 0.014474040786133402, 0.029310141373979554, 9.999998620652604e-07], [0.5683138859436776, 0.3765966140300632, 9.999998620652604e-07, 0.018045862798519847, 0.03704163722801502, 9.999998620652604e-07], [0.5338241111926308, 0.40489241542586135, 9.999998620652604e-07, 0.020469837656317973, 0.04081163572546564, 9.999998620652604e-07], [0.5196019625234826, 0.41637393844669784, 9.999998625943985e-07, 0.021585415729518203, 0.04243668330057611, 9.999998625943985e-07], [0.5396230908528231, 0.3874427095161323, 0.0005470313824618699, 0.024175665761909975, 0.04821050248667292, 9.999999997334349e-07], [0.6475602538641699, 0.14811559270933025, 0.14178754232034382, 0.01917329670294743, 0.04336231056701023, 1.0038361982728929e-06], [0.9999950000250003, 9.999950000250002e-07, 9.999950000250002e-07, 9.999950000250002e-07, 9.999950000250002e-07, 9.999950000250002e-07], [0.9999950000250003, 9.999950000250002e-07, 9.999950000250002e-07, 9.999950000250002e-07, 9.999950000250002e-07, 9.999950000250002e-07], [0.9999950000250003, 9.999950000250002e-07, 9.999950000250002e-07, 9.999950000250002e-07, 9.999950000250002e-07, 9.999950000250002e-07], [0.703354570825368, 0.13574374312395815, 0.10628370774028975, 0.01423105643463341, 0.04038591803955238, 1.0038361982728929e-06], [0.6524183699126344, 0.28959409048634643, 0.0012787626566469156, 0.01705403798058247, 0.039653738963789875, 9.999999999980118e-07], [0.053894628297966325, 0.10687452339909083, 0.09274450803987062, 0.01219346321572932, 0.7342918731963144, 1.0038510284890602e-06], [0.9999950000250003, 9.999950000250002e-07, 9.999950000250002e-07, 9.999950000250002e-07, 9.999950000250002e-07, 9.999950000250002e-07]], [[0.9999950000250003, 9.999950000250002e-07, 9.999950000250002e-07, 9.999950000250002e-07, 9.999950000250002e-07, 9.999950000250002e-07], [0.7490173831210908, 0.11142426562073658, 0.09933720644229227, 0.013964352784368887, 0.026255788180482936, 1.00385102848906e-06], [0.6236782496652041, 0.31525798946932565, 0.00038355261803275974, 0.01864162023552444, 0.04203758801191318, 9.99999999998004e-07], [0.10271220292506515, 0.3620357051229345, 9.999999994668622e-07, 0.021806867001564333, 0.5134432249504373, 9.999999994668622e-07], [0.5497841358704152, 0.3903621643479012, 9.999998625943987e-07, 0.018989115224094195, 0.04086258455786423, 9.999998625943987e-07], [0.6249993701452173, 0.31541302673069066, 9.999998620652604e-07, 0.018977113541709143, 0.04060848958265864, 9.999998620652604e-07], [0.5671768631934736, 0.3773915861630013, 9.999998620652608e-07, 0.01835199053083789, 0.03707756011296324, 9.999998620652608e-07], [0.6053120027574319, 0.3443716201212186, 9.99999862065261e-07, 0.015781507752351705, 0.03453286936927385, 9.99999862065261e-07], [0.06217802910084674, 0.2983671488818718, 9.99999862065261e-07, 0.012879639282312685, 0.6265731827352448, 9.99999862065261e-07], [0.8129395527974417, 0.15389722459087776, 9.999998620652608e-07, 0.009232211911607089, 0.023929010700349265, 9.999998620652608e-07], [0.027600323691150876, 0.10684925637436737, 9.999998620652608e-07, 0.005992078703203248, 0.8595563412315544, 9.999998620652608e-07], [0.042270328344864494, 0.17227285098318856, 9.999998620652608e-07, 0.009984320560057578, 0.7754705001121653, 9.999998620652608e-07], [0.6644864973142831, 0.2934863640409004, 1.0038360559590993e-06, 0.012688764654439631, 0.02933636631826493, 1.0038360559590993e-06], [9.999950000249998e-07, 9.999950000249998e-07, 9.999950000249998e-07, 9.999950000249998e-07, 9.999950000249998e-07, 0.9999950000249999], [9.999950000249998e-07, 9.999950000249998e-07, 9.999950000249998e-07, 9.999950000249998e-07, 9.999950000249998e-07, 0.9999950000249999], [0.4888652976810035, 0.4531094271014464, 1.003821225733707e-06, 0.01805275714189756, 0.03997051043320101, 1.003821225733707e-06], [0.14888386104828516, 0.425127798372584, 9.99999742392929e-07, 0.018180714181831047, 0.40780562639781504, 9.99999742392929e-07], [0.5152927145243819, 0.36089224992285923, 9.99999741932067e-07, 0.018500192834868947, 0.10531284271840607, 9.99999741932067e-07], [0.5263732124600674, 0.41920061780859064, 9.999997423929287e-07, 0.01756472397402722, 0.036859445757829894, 9.999997423929287e-07], [0.4908902415892603, 0.4533577636234295, 9.999998616043986e-07, 0.018069809820746793, 0.03768018496684011, 9.999998616043986e-07], [0.5507633489012079, 0.39130457991785333, 9.999998620652608e-07, 0.01895322685417573, 0.03897684432703884, 9.999998620652608e-07], [0.5674328450942103, 0.3774784853603424, 9.999998620652608e-07, 0.01804595130651605, 0.03704071823920718, 9.999998620652608e-07], [0.5319815358001287, 0.4196262621040536, 9.99999862065261e-07, 0.015813797112645966, 0.032576404983447584, 9.99999862065261e-07], [0.5662436129349286, 0.301574930672012, 9.999998620652608e-07, 0.01804794211496042, 0.11413151427837469, 9.999998620652608e-07], [0.24371720653217127, 0.3192517506259366, 9.99999862065261e-07, 0.019468131982509223, 0.41756091085965896, 9.99999862065261e-07], [0.63626241354731, 0.30165868700199594, 9.999998620652608e-07, 0.018050340891138432, 0.044026558559831515, 9.999998620652608e-07], [0.07905698857206664, 0.4266354451193686, 9.999998620652608e-07, 0.015918076127203182, 0.47838749018163756, 9.999998620652608e-07], [0.5423550545074558, 0.33432572671167765, 9.999998620652608e-07, 0.015132068207219481, 0.10818515057392293, 9.999998620652608e-07], [0.6251715183000484, 0.31449127503120783, 9.999998620652608e-07, 0.018952229371694995, 0.04138297729732474, 9.999998620652608e-07], [0.5198636807183706, 0.4161468327479583, 9.999998620652604e-07, 0.02157111177013984, 0.042416374763807066, 9.999998620652604e-07], [0.2729678451309137, 0.5748064253873376, 9.999998625943987e-07, 0.030994812652047742, 0.12122891682997569, 9.999998625943987e-07], [0.46001363851892507, 0.4533348174087785, 4.674404289496983e-05, 0.029158654685060636, 0.057445145344341204, 9.999999997334349e-07], [0.5935347861794416, 0.32588256202168936, 0.012441425838350036, 0.01858988477749202, 0.04955034116830999, 1.0000147170824393e-06], [0.6109967265943477, 0.15839762057455753, 0.1582231214930137, 0.023547809700981137, 0.04883371780090151, 1.0038361982728925e-06], [0.7038632096301868, 0.12301326490634044, 0.11027189053995162, 0.017324709155583873, 0.04552591806599454, 1.0077019427261893e-06], [0.9999950000250003, 9.999950000250002e-07, 9.999950000250002e-07, 9.999950000250002e-07, 9.999950000250002e-07, 9.999950000250002e-07], [0.6923726351730072, 0.125750941514925, 0.11765248048146681, 0.017865590426785236, 0.04635734470187302, 1.0077019427261893e-06], [0.659807116022616, 0.14433539887799893, 0.1336259537534041, 0.01796769416412179, 0.04426283334566081, 1.0038361982728929e-06], [0.08093361492625513, 0.1522133325526183, 0.10547879163553865, 0.016123634774730788, 0.645249622244998, 1.0038658591434266e-06], [0.9999950000250003, 9.999950000250002e-07, 9.999950000250002e-07, 9.999950000250002e-07, 9.999950000250002e-07, 9.999950000250002e-07]], [[0.9999950000250003, 9.999950000250002e-07, 9.999950000250002e-07, 9.999950000250002e-07, 9.999950000250002e-07, 9.999950000250002e-07], [0.7108441370807675, 0.12346971312010958, 0.11759641384929845, 0.016328254471411986, 0.03176047762738403, 1.0038510284890602e-06], [0.578467739848134, 0.3542694498224423, 0.0004538704596667532, 0.021320220121408596, 0.045487719748348275, 9.99999999998004e-07], [0.5377528556232658, 0.38806253123591583, 9.999999994668624e-07, 0.024171589813822898, 0.05001102332699662, 9.999999994668624e-07], [0.5195943970179545, 0.4163745817978806, 9.999998625943985e-07, 0.02158538106582163, 0.04244364011861783, 9.999998625943985e-07], [0.4575479753177259, 0.4808652537979442, 9.999998620652604e-07, 0.020765696717880776, 0.04081907416672492, 9.999998620652604e-07], [0.49135287264468064, 0.37789498770090757, 9.999998620652608e-07, 0.09368298668833587, 0.0370671529663518, 9.999998620652608e-07], [0.6308494930219064, 0.32326834165780116, 9.99999862065261e-07, 0.014770208759751501, 0.03110995656081687, 9.99999862065261e-07], [0.7798232105251982, 0.18285889019621973, 9.999998620652608e-07, 0.010856846382777062, 0.02645905289608089, 9.999998620652608e-07], [0.03070658474208543, 0.10662042334541583, 9.99999862065261e-07, 0.08162279265444998, 0.7810481992583247, 9.99999862065261e-07], [0.7344512525129135, 0.1536042396964712, 9.999998620652608e-07, 0.08485993960410786, 0.02708256818678329, 9.999998620652608e-07], [0.057550289665799746, 0.22185202199531795, 9.999998620652604e-07, 0.013169234603744957, 0.7074264537354134, 9.999998620652604e-07], [0.07443245709025358, 0.27514430142835034, 1.0038360559590993e-06, 0.015901318836439415, 0.6345199149728448, 1.0038360559590993e-06], [9.999950000249998e-07, 9.999950000249998e-07, 9.999950000249998e-07, 9.999950000249998e-07, 9.999950000249998e-07, 0.9999950000249999], [0.0864718924770401, 0.319929047112621, 1.0076868517708944e-06, 0.019495847480255492, 0.5741011975563799, 1.0076868517708944e-06], [0.1645119120713247, 0.3966676704106851, 1.0000145786710846e-06, 0.0194823927518144, 0.4193360247370183, 1.0000145786710846e-06], [0.37910985104873524, 0.5628305491790845, 9.999997423929287e-07, 0.01851161019452785, 0.039545989578167524, 9.999997423929287e-07], [0.30215913597600574, 0.5670790993007737, 9.999997419320668e-07, 0.02656413578846671, 0.1041956289352698, 9.999997419320668e-07], [0.4478996909573139, 0.49593515779469777, 9.99999742392929e-07, 0.018518325501871827, 0.03764482574663186, 9.99999742392929e-07], [0.47472962466643814, 0.3917194341953449, 9.999998616043986e-07, 0.018950786175565306, 0.11459815496292831, 9.999998616043986e-07], [0.5317429327883063, 0.4198682656368095, 9.999998620652608e-07, 0.01581171561364589, 0.03257508596151412, 9.999998620652608e-07], [0.6297734609503816, 0.32446162122196, 9.99999862065261e-07, 0.014812601888445147, 0.030950315939489353, 9.99999862065261e-07],