{"prediction": [[[0.992152686295392, 0.0015694627409215901, 0.0015694627409215901, 0.0015694627409215901, 0.0015694627409215901, 0.0015694627409215901], [0.992152686295392, 0.0015694627409215901, 0.0015694627409215901, 0.0015694627409215901, 0.0015694627409215901, 0.0015694627409215901], [0.992152686295392, 0.0015694627409215901, 0.0015694627409215901, 0.0015694627409215901, 0.0015694627409215901, 0.0015694627409215901], [0.992152686295392, 0.0015694627409215901, 0.0015694627409215901, 0.0015694627409215901, 0.0015694627409215901, 0.0015694627409215901], [0.992152686295392, 0.0015694627409215901, 0.0015694627409215901, 0.0015694627409215901, 0.0015694627409215901, 0.0015694627409215901], [0.992152686295392, 0.0015694627409215901, 0.0015694627409215901, 0.0015694627409215901, 0.0015694627409215901, 0.0015694627409215901], [0.992152686295392, 0.0015694627409215901, 0.0015694627409215901, 0.0015694627409215901, 0.0015694627409215901, 0.0015694627409215901], [0.992152686295392, 0.0015694627409215901, 0.0015694627409215901, 0.0015694627409215901, 0.0015694627409215901, 0.0015694627409215901], [0.992152686295392, 0.0015694627409215901, 0.0015694627409215901, 0.0015694627409215901, 0.0015694627409215901, 0.0015694627409215901], [0.992152686295392, 0.0015694627409215901, 0.0015694627409215901, 0.0015694627409215901, 0.0015694627409215901, 0.0015694627409215901], [0.992152686295392, 0.0015694627409215901, 0.0015694627409215901, 0.0015694627409215901, 0.0015694627409215901, 0.0015694627409215901], [0.992152686295392, 0.0015694627409215901, 0.0015694627409215901, 0.0015694627409215901, 0.0015694627409215901, 0.0015694627409215901], [0.992152686295392, 0.0015694627409215901, 0.0015694627409215901, 0.0015694627409215901, 0.0015694627409215901, 0.0015694627409215901], [0.992152686295392, 0.0015694627409215901, 0.0015694627409215901, 0.0015694627409215901, 0.0015694627409215901, 0.0015694627409215901], [0.992152686295392, 0.0015694627409215901, 0.0015694627409215901, 0.0015694627409215901, 0.0015694627409215901, 0.0015694627409215901], [0.992152686295392, 0.0015694627409215901, 0.0015694627409215901, 0.0015694627409215901, 0.0015694627409215901, 0.0015694627409215901], [0.992152686295392, 0.0015694627409215901, 0.0015694627409215901, 0.0015694627409215901, 0.0015694627409215901, 0.0015694627409215901], [0.992152686295392, 0.0015694627409215901, 0.0015694627409215901, 0.0015694627409215901, 0.0015694627409215901, 0.0015694627409215901], [0.992152686295392, 0.0015694627409215901, 0.0015694627409215901, 0.0015694627409215901, 0.0015694627409215901, 0.0015694627409215901], [0.992152686295392, 0.0015694627409215901, 0.0015694627409215901, 0.0015694627409215901, 0.0015694627409215901, 0.0015694627409215901], [0.992152686295392, 0.0015694627409215901, 0.0015694627409215901, 0.0015694627409215901, 0.0015694627409215901, 0.0015694627409215901], [0.992152686295392, 0.0015694627409215901, 0.0015694627409215901, 0.0015694627409215901, 0.0015694627409215901, 0.0015694627409215901], [0.992152686295392, 0.0015694627409215901, 0.0015694627409215901, 0.0015694627409215901, 0.0015694627409215901, 0.0015694627409215901], [0.992152686295392, 0.0015694627409215901, 0.0015694627409215901, 0.0015694627409215901, 0.0015694627409215901, 0.0015694627409215901], [0.992152686295392, 0.0015694627409215901, 0.0015694627409215901, 0.0015694627409215901, 0.0015694627409215901, 0.0015694627409215901], [0.992152686295392, 0.0015694627409215901, 0.0015694627409215901, 0.0015694627409215901, 0.0015694627409215901, 0.0015694627409215901], [0.992152686295392, 0.0015694627409215901, 0.0015694627409215901, 0.0015694627409215901, 0.0015694627409215901, 0.0015694627409215901], [0.992152686295392, 0.0015694627409215901, 0.0015694627409215901, 0.0015694627409215901, 0.0015694627409215901, 0.0015694627409215901], [0.992152686295392, 0.0015694627409215901, 0.0015694627409215901, 0.0015694627409215901, 0.0015694627409215901, 0.0015694627409215901], [0.992152686295392, 0.0015694627409215901, 0.0015694627409215901, 0.0015694627409215901, 0.0015694627409215901, 0.0015694627409215901], [0.992152686295392, 0.0015694627409215901, 0.0015694627409215901, 0.0015694627409215901, 0.0015694627409215901, 0.0015694627409215901], [0.992152686295392, 0.0015694627409215901, 0.0015694627409215901, 0.0015694627409215901, 0.0015694627409215901, 0.0015694627409215901], [0.992152686295392, 0.0015694627409215901, 0.0015694627409215901, 0.0015694627409215901, 0.0015694627409215901, 0.0015694627409215901], [0.992152686295392, 0.0015694627409215901, 0.0015694627409215901, 0.0015694627409215901, 0.0015694627409215901, 0.0015694627409215901], [0.992152686295392, 0.0015694627409215901, 0.0015694627409215901, 0.0015694627409215901, 0.0015694627409215901, 0.0015694627409215901], [0.992152686295392, 0.0015694627409215901, 0.0015694627409215901, 0.0015694627409215901, 0.0015694627409215901, 0.0015694627409215901], [0.992152686295392, 0.0015694627409215901, 0.0015694627409215901, 0.0015694627409215901, 0.0015694627409215901, 0.0015694627409215901], [0.992152686295392, 0.0015694627409215901, 0.0015694627409215901, 0.0015694627409215901, 0.0015694627409215901, 0.0015694627409215901], [0.992152686295392, 0.0015694627409215901, 0.0015694627409215901, 0.0015694627409215901, 0.0015694627409215901, 0.0015694627409215901], [0.992152686295392, 0.0015694627409215901, 0.0015694627409215901, 0.0015694627409215901, 0.0015694627409215901, 0.0015694627409215901]], [[0.992152686295392, 0.0015694627409215901, 0.0015694627409215901, 0.0015694627409215901, 0.0015694627409215901, 0.0015694627409215901], [0.5552766524603588, 0.1838508166213396, 0.1684402668101079, 0.028433089492760532, 0.062367588011695396, 0.0016315866037376705], [0.512559758782993, 0.19283163758734762, 0.20532400477430904, 0.030743864742947172, 0.05690914750737995, 0.0016315866050231798], [0.5376580151939724, 0.18035897922707358, 0.19922297125465646, 0.028891511576040585, 0.05223693614270396, 0.001631586605552852], [0.6086944410917848, 0.15656790953223426, 0.16360035373234846, 0.024801548949101054, 0.04470416009012605, 0.0016315866044054853], [0.06897115343705269, 0.12610267140864234, 0.11327478009148609, 0.018068321632741774, 0.6719514868263697, 0.0016315866037075162], [0.7022079502617168, 0.1282215682508833, 0.10609466666114797, 0.019509867183019704, 0.04233436103939272, 0.0016315866038395853], [0.992152686295392, 0.0015694627409215901, 0.0015694627409215901, 0.0015694627409215901, 0.0015694627409215901, 0.0015694627409215901], [0.992152686295392, 0.0015694627409215901, 0.0015694627409215901, 0.0015694627409215901, 0.0015694627409215901, 0.0015694627409215901], [0.63510736571179, 0.15379519035805667, 0.13270808522935454, 0.023545852555876393, 0.053211919541207346, 0.0016315866037150007], [0.07353794893434862, 0.11635496723115836, 0.09767281572460629, 0.017399717364705754, 0.6934029641414734, 0.0016315866037075154], [0.059278902038017105, 0.11463275492652372, 0.09858457903335084, 0.01555557090055922, 0.7103166064978416, 0.0016315866037075154], [0.04425933225623803, 0.08983982172683992, 0.06846091885880438, 0.01148189307170284, 0.7843264474827073, 0.0016315866037075158], [0.8162039565292432, 0.0856204485741616, 0.06580257867816566, 0.01208630287988415, 0.01865512673482339, 0.001631586603722135], [0.7886520113136885, 0.09705920247534774, 0.07679615412749909, 0.014036406153470163, 0.021824639326106447, 0.0016315866038881586], [0.05005977730938422, 0.10180940715532623, 0.08026095025830066, 0.013126523709548667, 0.7531117549637327, 0.001631586603707515], [0.04825314669599776, 0.09869624654684174, 0.07728533180182245, 0.01270579875581771, 0.7614278895958128, 0.0016315866037075158], [0.8137881879013191, 0.08680079780619904, 0.06622665391359005, 0.01226399356212712, 0.019288780212974244, 0.0016315866037903374], [0.7945184936278501, 0.09479526033279714, 0.07425828358179697, 0.0135521073719892, 0.021244268481791808, 0.0016315866037747342], [0.05924992395130126, 0.11438731034522782, 0.09733567101160609, 0.015587016916348145, 0.7118084911718092, 0.0016315866037075158], [0.7061606892511358, 0.12691192440233556, 0.11411790421258375, 0.01881889540639957, 0.03235900012381846, 0.0016315866037268428], [0.07120138153923707, 0.13165556565499176, 0.12126036322624381, 0.01903440331098929, 0.6552166996648305, 0.0016315866037075145], [0.707574603190787, 0.12637197164113456, 0.11329073230336409, 0.018793964690753506, 0.03233714157024121, 0.0016315866037196298], [0.742983039508994, 0.11382560042309768, 0.09775952345240628, 0.016631823177614836, 0.02716842683414388, 0.0016315866037432607], [0.7971216703879364, 0.0936537197934565, 0.0727508725579322, 0.013491303946819163, 0.02135084671009375, 0.001631586603761965], [0.7461440738217872, 0.11249215124215892, 0.09489560903567223, 0.016629052822981744, 0.028207526473432165, 0.001631586603967704], [0.6748352527475548, 0.13685393085932948, 0.12908978704497137, 0.020776003437989733, 0.03681343930606221, 0.0016315866040925028], [0.607306936703407, 0.15742597922863646, 0.16449970814104162, 0.02480142836523995, 0.04433436095645859, 0.001631586605216574], [0.5792790005646087, 0.16604402213800273, 0.1793144498501643, 0.026369321568645087, 0.047361619274801335, 0.001631586603777743], [0.09687073612103375, 0.16435905649576, 0.16391941462325307, 0.025552492700027952, 0.5476667134562176, 0.0016315866037075154], [0.6991335424950527, 0.12975715853576958, 0.10754676306477229, 0.019564729997114894, 0.042366219303564545, 0.0016315866037260609], [0.992152686295392, 0.0015694627409215901, 0.0015694627409215901, 0.0015694627409215901, 0.0015694627409215901, 0.0015694627409215901], [0.05143188606985298, 0.0844818210523281, 0.057276820193442324, 0.012627076059350012, 0.792550810021319, 0.0016315866037075158], [0.8205195708585016, 0.08541456342382145, 0.058369598402149434, 0.012672310286051872, 0.021392370425759928, 0.0016315866037158596], [0.829601977533713, 0.08153832406897463, 0.05552543772025798, 0.012045630968043076, 0.019657043105289575, 0.0016315866037216412], [0.8225330048022096, 0.08327928671217909, 0.06435361229627262, 0.011642246191768221, 0.016560343654538654, 0.0016315063430317233], [0.8603637063211914, 0.0672418415190939, 0.05003167496239694, 0.008901953466228487, 0.011830215521895346, 0.0016306082091939776], [0.0226500346533603, 0.0584343714220418, 0.03971076407482872, 0.006360011385584508, 0.8712154075818803, 0.0016294108823043459], [0.9273074284525599, 0.03546114490717712, 0.02786374419668687, 0.004101436994439685, 0.0036419783189016847, 0.0016242671302347858], [0.992152686295392, 0.0015694627409215901, 0.0015694627409215901, 0.0015694627409215901, 0.0015694627409215901, 0.0015694627409215901]], [[0.992152686295392, 0.0015694627409215901, 0.0015694627409215901, 0.0015694627409215901, 0.0015694627409215901, 0.0015694627409215901], [0.5112501421777434, 0.19329602342501417, 0.20619317180713106, 0.030802431685680753, 0.05682664429929167, 0.0016315866051387605], [0.3416349428838745, 0.45664091488663644, 0.0016155991536769946, 0.03950362140477133, 0.15898932251736367, 0.0016155991536769946], [0.5317339013522214, 0.36589874838944614, 0.0016155988749003856, 0.03165202079475332, 0.06748413171377834, 0.0016155988749003856], [0.6022483466344819, 0.30592962875516555, 0.0016155988563216397, 0.028511105110812743, 0.060079721786896426, 0.0016155988563216397], [0.6930415094958549, 0.23678695851501022, 0.0016155988558990313, 0.02278252390989035, 0.04415781036744655, 0.0016155988558990313], [0.6408867469095421, 0.2679840281972795, 0.019378929287785587, 0.021961542623535744, 0.04817315328471569, 0.0016155996971413693], [0.5393617382187899, 0.17834457878500187, 0.19834439708313717, 0.029232524838091474, 0.05308517446957357, 0.0016315866054059695], [0.992152686295392, 0.0015694627409215901, 0.0015694627409215901, 0.0015694627409215901, 0.0015694627409215901, 0.0015694627409215901], [0.992152686295392, 0.0015694627409215901, 0.0015694627409215901, 0.0015694627409215901, 0.0015694627409215901, 0.0015694627409215901], [0.11125001346418287, 0.26040226531826677, 0.032155748736948306, 0.024960619875648026, 0.5695997660012465, 0.0016315866037075158], [0.7065412478644773, 0.22748776797342513, 0.0016155988548744388, 0.02174231331854244, 0.040997473133806424, 0.0016155988548744388], [0.056437426872559183, 0.16959321314278425, 0.0016155988449299817, 0.016099226355890044, 0.7546389359389064, 0.0016155988449299817], [0.7454054744597758, 0.19871708325537735, 0.0016155988551485587, 0.01915991678241617, 0.033486327792133584, 0.0016155988551485587], [0.0907567760714162, 0.22677233731424978, 0.0016155988449293374, 0.021886739186690665, 0.6573529497377848, 0.0016155988449293374], [0.0015694627409215903, 0.0015694627409215903, 0.0015694627409215903, 0.0015694627409215903, 0.0015694627409215903, 0.9921526862953921], [0.7095727848903974, 0.22466176286510456, 0.0016155988533156566, 0.021709494029120386, 0.04082476050874635, 0.0016155988533156566], [0.07458485572049575, 0.20257905544561933, 0.0016155988449299073, 0.019299457219219454, 0.7003054339248057, 0.0016155988449299073], [0.7437100691845568, 0.19976868935642542, 0.0016155988548572542, 0.019261436552658197, 0.03402860719664499, 0.0016155988548572542], [0.6750130455240673, 0.2515891150750315, 0.0016155988555779691, 0.023791549252524732, 0.04637509243722073, 0.0016155988555779691], [0.12286608325088802, 0.2975649865656113, 0.0016155988449313033, 0.028136049652726397, 0.5482016828409116, 0.0016155988449313033], [0.6001162269525318, 0.3094844579654295, 0.0016155988553843762, 0.028431582636861026, 0.05873653473440882, 0.0016155988553843762], [0.12312461954573556, 0.2964149891268584, 0.0016155988449308675, 0.02817000843555508, 0.5490591852019894, 0.0016155988449308675], [0.10185646613398111, 0.2566930281508245, 0.0016155988449306042, 0.02420796853797433, 0.6140113394873588, 0.0016155988449306042], [0.7453783587623237, 0.19804552783437554, 0.0016155988542251188, 0.019279314473920003, 0.03406560122093044, 0.0016155988542251188], [0.7082366583033285, 0.22536857089996748, 0.001615598853019669, 0.02183215505379913, 0.0413314180368657, 0.001615598853019669], [0.6231964282388227, 0.29142871888822736, 0.0016155988632909047, 0.027084694209311075, 0.055058960937057255, 0.0016155988632909047], [0.13952212001736816, 0.35379096467819604, 0.0016155988449272028, 0.03165854458544526, 0.47179717302913615, 0.0016155988449272028], [0.530482534115833, 0.3680212506619822, 0.0016155988481235818, 0.03164766818335237, 0.06661734934258527, 0.0016155988481235818], [0.14069334318248397, 0.35287684444870127, 0.0016155988449271734, 0.03166070135910718, 0.47153791331985323, 0.0016155988449271734], [0.6497322363321681, 0.14283195081015482, 0.1381089923403865, 0.021215423101865024, 0.04647981080984292, 0.0016315866055826795], [0.992152686295392, 0.0015694627409215901, 0.0015694627409215901, 0.0015694627409215901, 0.0015694627409215901, 0.0015694627409215901], [0.992152686295392, 0.0015694627409215901, 0.0015694627409215901, 0.0015694627409215901, 0.0015694627409215901, 0.0015694627409215901], [0.992152686295392, 0.0015694627409215901, 0.0015694627409215901, 0.0015694627409215901, 0.0015694627409215901, 0.0015694627409215901], [0.7228948640116412, 0.12069898807053034, 0.10636849810549805, 0.017987345997138412, 0.030418717211427717, 0.0016315866037642812], [0.7758158855086862, 0.17196400357299887, 0.012568488394039576, 0.014534383602727685, 0.023503693890907028, 0.0016135450306406607], [0.8083099377135365, 0.1524507108404465, 0.00161540890949697, 0.014637801727814419, 0.021370731899208666, 0.00161540890949697], [0.028107708218641024, 0.11440436410494215, 0.001612987251604058, 0.009621132480988328, 0.8446408206922204, 0.001612987251604058], [0.8982751346190677, 0.04924602632450382, 0.037518208859856794, 0.006053083337445635, 0.007280156046348466, 0.001627390812777675], [0.992152686295392, 0.0015694627409215901, 0.0015694627409215901, 0.0015694627409215901, 0.0015694627409215901, 0.0015694627409215901]], [[0.992152686295392, 0.0015694627409215901, 0.0015694627409215901, 0.0015694627409215901, 0.0015694627409215901, 0.0015694627409215901], [0.5360270019567803, 0.18069001561837303, 0.20043481800382618, 0.02890198513466207, 0.05231459268132104, 0.0016315866050372796], [0.5327479065571539, 0.36491238494897194, 0.0016155988562859748, 0.031714760176522576, 0.06739375060477978, 0.0016155988562859748], [0.5589390622778467, 0.34380285580990827, 0.0016155988463484711, 0.030653382139646055, 0.06337350207990212, 0.0016155988463484711], [0.6236147057592893, 0.28902745810984287, 0.0016155988450076435, 0.02733648615118409, 0.056790152289668584, 0.0016155988450076435], [0.6934263264040602, 0.23596387222784262, 0.0016155988453118008, 0.022903815176152937, 0.04447478850132066, 0.0016155988453118008], [0.6030555884877484, 0.3052570670639536, 0.0016155988467341513, 0.028513504960802613, 0.05994264179402711, 0.0016155988467341513], [0.144609283727315, 0.347257946793454, 0.04568368500103163, 0.035449792200319706, 0.42538369343188553, 0.0016155988459940552], [0.3657257102059329, 0.17722704770685987, 0.2584385414852465, 0.03510384817903492, 0.16187326581919262, 0.0016315866037332884], [0.5545803443305521, 0.17060764451878427, 0.1828367779682236, 0.029471018570562786, 0.060872628005912734, 0.0016315866059645157], [0.6191055814440317, 0.28503982347996293, 0.02133457500708199, 0.022844930304545374, 0.050059489944324506, 0.0016155998200535376], [0.6927208311001912, 0.23777403360840776, 0.0016155988466207169, 0.022739471988765705, 0.043534465609393835, 0.0016155988466207169], [0.7448488870832615, 0.19810184578072257, 0.0016155988449495912, 0.019424373625347387, 0.03439369582076949, 0.0016155988449495912], [0.6769742771488575, 0.249900790895052, 0.0016155988449476897, 0.023787712126791143, 0.04610602213940415, 0.0016155988449476897], [0.6257707143578525, 0.2879911242304643, 0.0016155988452273451, 0.027175847105803175, 0.055831116615425544, 0.0016155988452273451], [0.0015694627409215903, 0.0015694627409215903, 0.0015694627409215903, 0.0015694627409215903, 0.0015694627409215903, 0.9921526862953921], [0.6256692856460515, 0.2871495219105707, 0.0016155988466375738, 0.02733026336295036, 0.056619731387152344, 0.0016155988466375738], [0.10543038021395902, 0.25374406268224287, 0.0016155988449268798, 0.024476188916276724, 0.6131181704976676, 0.0016155988449268798], [0.09309861119455887, 0.22987273994015567, 0.0016155988449268802, 0.02227293603334661, 0.6515245151420851, 0.0016155988449268802], [0.12655099686084217, 0.29223701380914047, 0.0016155988449268806, 0.028454772972363995, 0.5495260186677997, 0.0016155988449268806], [0.14103198316526702, 0.3495374013534723, 0.0016155988449268802, 0.03191921647766509, 0.4742802013137418, 0.0016155988449268802], [0.5346576673190188, 0.3620897769131005, 0.0016155988451332522, 0.03201866743446168, 0.06800269064315241, 0.0016155988451332522], [0.5604294493537589, 0.341551243012635, 0.0016155988453701497, 0.030855967852553914, 0.06393214209031181, 0.0016155988453701497], [0.6234570144286982, 0.28992178808382185, 0.0016155988449398993, 0.027343096540666845, 0.05604690325693355, 0.0016155988449398993], [0.0935984017131003, 0.22795152564018742, 0.0016155988449268806, 0.02230471528868097, 0.6529141596681777, 0.0016155988449268806], [0.6960168463702279, 0.23384923850914985, 0.0016155988449430645, 0.022858788932385694, 0.04404392849835042, 0.0016155988449430645], [0.6040722228123936, 0.30455878085175153, 0.0016155988451460022, 0.028603112254468974, 0.05953468639109394, 0.0016155988451460022], [0.532937951227536, 0.3649572196099719, 0.0016155988463398393, 0.03180822253827334, 0.06706540893153913, 0.0016155988463398393], [0.3394682287630233, 0.4594113383247257, 0.0016155988466574093, 0.039483971353061746, 0.15840526386587436, 0.0016155988466574093], [0.5343949918645226, 0.36333139022140387, 0.0016155988468086516, 0.03175953518435629, 0.06728288503609998, 0.0016155988468086516], [0.6202385652392052, 0.28399066733863515, 0.02133457498020063, 0.022767408408506735, 0.050053184240280005, 0.0016155997931721826], [0.6771042982811718, 0.13627001212928214, 0.12688815603134312, 0.02069574811157498, 0.03741019884141071, 0.001631586605217315], [0.992152686295392, 0.0015694627409215901, 0.0015694627409215901, 0.0015694627409215901, 0.0015694627409215901, 0.0015694627409215901], [0.992152686295392, 0.0015694627409215901, 0.0015694627409215901, 0.0015694627409215901, 0.0015694627409215901, 0.0015694627409215901], [0.992152686295392, 0.0015694627409215901, 0.0015694627409215901, 0.0015694627409215901, 0.0015694627409215901, 0.0015694627409215901], [0.6991376663639798, 0.1318340827734973, 0.11078667170248764, 0.017870977326665687, 0.038739015229521154, 0.0016315866038483786], [0.7601008001589323, 0.18807229317391871, 0.001615389970349703, 0.018369405381049954, 0.030226721345399443, 0.001615389970349703], [0.04199837572281608, 0.1428380278142501, 0.0016131434840032024, 0.01315130092238509, 0.7987860085725423, 0.0016131434840032024], [0.8800476457005576, 0.05809983251356585, 0.042809895873131415, 0.007582918903754838, 0.009829109610554615, 0.0016305973984355696], [0.992152686295392, 0.0015694627409215901, 0.0015694627409215901, 0.0015694627409215901, 0.0015694627409215901, 0.0015694627409215901]], [[0.992152686295392, 0.0015694627409215901, 0.0015694627409215901, 0.0015694627409215901, 0.0015694627409215901, 0.0015694627409215901], [0.6087781548200272, 0.1571033259973416, 0.16252966736436958, 0.024792079543012643, 0.0451651856704355, 0.0016315866048135883], [0.6031479115339925, 0.3054136838433525, 0.0016155988607366497, 0.02845411333583953, 0.059753093565342114, 0.0016155988607366497], [0.1261509716894207, 0.29216860666232863, 0.0016155988449268802, 0.028295073771756843, 0.55015415018664, 0.0016155988449268802], [0.6741049172286122, 0.2499847665092556, 0.001615598844936635, 0.02420194733949584, 0.04847717123276311, 0.001615598844936635], [0.12988214463227618, 0.28882139937983387, 0.0016155988449268798, 0.028496494982649154, 0.549568763315387, 0.0016155988449268798], [0.6019326360144219, 0.30389531884311527, 0.0016155988450131007, 0.028889447981953514, 0.062051399470483354, 0.0016155988450131007], [0.14259956188148068, 0.3479247095427934, 0.0016155988449269006, 0.03161267331314885, 0.4746318575727232, 0.0016155988449269006], [0.14961227466489196, 0.37396572313166193, 0.0016155988449271374, 0.03263982556732148, 0.4405509789462703, 0.0016155988449271374], [0.5615852759133502, 0.3407681109714997, 0.0016155988513254368, 0.030631137552735912, 0.06378427785976334, 0.0016155988513254368], [0.6240011407228738, 0.2894199624002978, 0.001615598848333937, 0.027128781520688653, 0.05621891765947179, 0.001615598848333937], [0.09343342539939785, 0.22922684523687922, 0.0016155988449268806, 0.02217048053083989, 0.6519380511430294, 0.0016155988449268806], [0.7080006267720422, 0.2243838666979083, 0.0016155988450113356, 0.022023819694085685, 0.04236048914594106, 0.0016155988450113356], [0.12707064925877357, 0.28979235182904345, 0.0016155988449268798, 0.028503017612305823, 0.5514027836100234, 0.0016155988449268798], [0.1425908051755798, 0.34730699686856376, 0.0016155988449268802, 0.03214687285107944, 0.4747241274149232, 0.0016155988449268802], [0.5358180546836068, 0.3609669233174274, 0.0016155988555403397, 0.03184176253709272, 0.06814206175079267, 0.0016155988555403397], [0.561759370523383, 0.33940783749088826, 0.0016155988471133315, 0.030843897776822463, 0.06475769651467964, 0.0016155988471133315], [0.6250185561673193, 0.28717898450672513, 0.0016155988449321314, 0.02738676746016346, 0.057184494175928025, 0.0016155988449321314], [0.10009977936145839, 0.2388846607038605, 0.0016155988449268787, 0.02343029246981889, 0.6343540697750084, 0.0016155988449268787], [0.6038681032406769, 0.30304573169973426, 0.0016155988449274802, 0.028843291141404204, 0.06101167622832982, 0.0016155988449274802], [0.5360734651207439, 0.36028270892362657, 0.0016155988449829018, 0.03204051884344114, 0.06837210942222259, 0.0016155988449829018], [0.34164356101796617, 0.4561946711772812, 0.001615598844937544, 0.039439464269064604, 0.15949110584581286, 0.001615598844937544], [0.5370525508604734, 0.3587565229965798, 0.0016155988456409713, 0.0321196705609505, 0.06884005789071417, 0.0016155988456409713], [0.6036470029059483, 0.30390779247492605, 0.001615598844971392, 0.028840278592203644, 0.060373728336979245, 0.001615598844971392], [0.1005729431927645, 0.2370291622420982, 0.0016155988449268782, 0.023494607054375824, 0.6356720898209076, 0.0016155988449268782], [0.09286000162383419, 0.22719543367338882, 0.0016155988449268798, 0.02246270838860585, 0.6542506586243173, 0.0016155988449268798], [0.6259599543722758, 0.28754891158700724, 0.001615598844972995, 0.02736486203880429, 0.05589507431196673, 0.001615598844972995], [0.5618851401742373, 0.33977735254082836, 0.001615598845073006, 0.030865623209713627, 0.06424068638507471, 0.001615598845073006], [0.15038532177453368, 0.37018489383303166, 0.001615598844926879, 0.033045947266118814, 0.4431526394364621, 0.001615598844926879], [0.5629425902525433, 0.3389589635761203, 0.0016155988449431855, 0.030638643714644784, 0.06422860476680517, 0.0016155988449431855], [0.12574720255157984, 0.2909190213897325, 0.0016155988449270892, 0.027931277175177856, 0.5521713011936555, 0.0016155988449270892], [0.6497129123661958, 0.26162704013588334, 0.019378929566360743, 0.02131238816846089, 0.04635312978738258, 0.0016155999757165283], [0.5577002670730807, 0.17389498045328677, 0.18556858507178822, 0.028161512680483544, 0.053043068116510085, 0.0016315866048508113], [0.992152686295392, 0.0015694627409215901, 0.0015694627409215901, 0.0015694627409215901, 0.0015694627409215901, 0.0015694627409215901], [0.992152686295392, 0.0015694627409215901, 0.0015694627409215901, 0.0015694627409215901, 0.0015694627409215901, 0.0015694627409215901], [0.11256103298142923, 0.14347917466954635, 0.11908106903275995, 0.02539566944138516, 0.5978514672711719, 0.0016315866037075156], [0.7403626430863226, 0.19843918307560934, 0.012920529802967423, 0.01686855742910148, 0.0297947101428362, 0.0016143764631630902], [0.7974781170262386, 0.15993449609025862, 0.0016155988600616157, 0.01563462538719813, 0.023721563776181502, 0.0016155988600616157], [0.8674345372530072, 0.06416116790474878, 0.04605615091023001, 0.00862153162219545, 0.012095025706101563, 0.0016315866037169295], [0.992152686295392, 0.0015694627409215901, 0.0015694627409215901, 0.0015694627409215901, 0.0015694627409215901, 0.0015694627409215901]], [[0.992152686295392, 0.0015694627409215901, 0.0015694627409215901, 0.0015694627409215901, 0.0015694627409215901, 0.0015694627409215901], [0.7095637462883991, 0.12578788246164616, 0.11106012325801037, 0.018786108003583504, 0.03317055338430219, 0.0016315866040586449], [0.6934323555560155, 0.23629197799993124, 0.001615598852902373, 0.022761446279672904, 0.04428302245857564, 0.001615598852902373], [0.694143258276793, 0.23512653201769387, 0.0016155988451769011, 0.022947235119343132, 0.04455177689581621, 0.0016155988451769011], [0.6247403436942309, 0.2862665869444374, 0.0016155988449299435, 0.02757749425197459, 0.05818437741949741, 0.0016155988449299435], [0.5653361813407942, 0.3341228193091762, 0.00161559884498394, 0.031082460025038283, 0.06622734163502338, 0.00161559884498394], [0.5397727932032932, 0.3529191447094144, 0.0016155988449352734, 0.03248971799953143, 0.07158714639789047, 0.0016155988449352734], [0.5614634566559906, 0.3389647515778719, 0.0016155988449952012, 0.03097857715294707, 0.0653620169232, 0.0016155988449952012], [0.6024782121726199, 0.305074934196844, 0.0016155988450078855, 0.028667179133879457, 0.06054847680664093, 0.0016155988450078855], [0.6257453639936765, 0.2860827207629402, 0.0016155988453122362, 0.02737400934449301, 0.05756670820826584, 0.0016155988453122362], [0.10775733950113525, 0.25094691270697134, 0.0016155988449268798, 0.024507936280343458, 0.6135566138216961, 0.0016155988449268798], [0.7459897832310582, 0.19522799791234904, 0.0016155988449607732, 0.01949528963127604, 0.03605573153539504, 0.0016155988449607732], [0.6965675086960529, 0.2309662024850433, 0.0016155988449514872, 0.023029411836166625, 0.04620567929283428, 0.0016155988449514872], [0.6088948016471016, 0.2975431514980987, 0.0016155988450439784, 0.028685469961347777, 0.06164537920336402, 0.0016155988450439784], [0.0015694627409215903, 0.0015694627409215903, 0.0015694627409215903, 0.0015694627409215903, 0.0015694627409215903, 0.9921526862953921], [0.3530509798891668, 0.4407643040565805, 0.0016155988449340268, 0.038772993489863086, 0.16418052487452167, 0.0016155988449340268], [0.5420062210184106, 0.35287006225152423, 0.0016155988462533914, 0.03200535060155916, 0.06988716843599926, 0.0016155988462533914], [0.6066232984233138, 0.2992520575285117, 0.0016155988449376014, 0.02884565797095939, 0.06204778838734008, 0.0016155988449376014], [0.10708277883432427, 0.2508584701780987, 0.0016155988449268802, 0.0248265658267919, 0.6140009874709315, 0.0016155988449268802], [0.6233646353110498, 0.28702385847922884, 0.0016155988449298607, 0.027807786381610505, 0.05857252213825098, 0.0016155988449298607], [0.5605408474404586, 0.33963754892878173, 0.0016155988449609005, 0.03119549072623171, 0.06539491521460614, 0.0016155988449609005], [0.15350919235183108, 0.3673080564682079, 0.0016155988449268787, 0.03347035444620788, 0.4424811990438993, 0.0016155988449268787], [0.5636061472978385, 0.335480797950258, 0.001615598844948446, 0.0313197720970094, 0.06636208496499724, 0.001615598844948446], [0.6262686212372953, 0.28428957406608196, 0.0016155988449335936, 0.027733753201744572, 0.05847685380501114, 0.0016155988449335936], [0.7097520126660701, 0.2202395018730662, 0.0016155988449269246, 0.02233122151000418, 0.04444606626100556, 0.0016155988449269246], [0.08036598459397792, 0.19745850384484548, 0.0016155988449268806, 0.020146234338321824, 0.6987980795330011, 0.0016155988449268806], [0.6796293434948194, 0.244812816262702, 0.0016155988449269953, 0.024172895810139802, 0.048153746742484835, 0.0016155988449269953], [0.6270510700103892, 0.2840569591055829, 0.0016155988449272894, 0.027527113560301627, 0.05813365963387195, 0.0016155988449272894], [0.13630940108115017, 0.3047317816016287, 0.0016155988449268782, 0.03004571457039951, 0.5256819050569678, 0.0016155988449268782], [0.12849171609402837, 0.28943641965542516, 0.0016155988449268798, 0.028318245958866842, 0.5505224206018259, 0.0016155988449268798], [0.10692299392758106, 0.25105086338833843, 0.0016155988449268802, 0.02426316441822779, 0.6145317805759989, 0.0016155988449268802], [0.6129255472219959, 0.29699158290384925, 0.0016155988486647845, 0.027852593549087597, 0.05899907862773761, 0.0016155988486647845], [0.0015694627409215903, 0.0015694627409215903, 0.0015694627409215903, 0.0015694627409215903, 0.0015694627409215903, 0.9921526862953921], [0.3442917102485177, 0.1777255235724684, 0.28015304524917045, 0.03482873622750702, 0.1613693980986289, 0.001631586603707648], [0.992152686295392, 0.0015694627409215901, 0.0015694627409215901, 0.0015694627409215901, 0.0015694627409215901, 0.0015694627409215901], [0.992152686295392, 0.0015694627409215901, 0.0015694627409215901, 0.0015694627409215901, 0.0015694627409215901, 0.0015694627409215901], [0.7055585641816389, 0.13122581103229952, 0.10522633935031794, 0.017444365030600543, 0.03891333380138499, 0.0016315866037581355], [0.7702469686014373, 0.10944902288587553, 0.07568234569550826, 0.015251433737464641, 0.02775540139351883, 0.0016148276861955343], [0.8658767575857131, 0.06634630333733131, 0.04343953972127827, 0.009635434992262224, 0.013070377759700469, 0.0016315866037146741], [0.992152686295392, 0.0015694627409215901, 0.0015694627409215901, 0.0015694627409215901, 0.0015694627409215901, 0.0015694627409215901]], [[0.992152686295392, 0.0015694627409215901, 0.0015694627409215901, 0.0015694627409215901, 0.0015694627409215901, 0.0015694627409215901], [0.6723727180011804, 0.13746178318160807, 0.13078797135212533, 0.02082774046499335, 0.03691820039633059, 0.0016315866037622637], [0.6230621777580002, 0.29063226767535727, 0.0016155988554073177, 0.02712328141806278, 0.05595107543776525, 0.0016155988554073177], [0.6031078345106142, 0.3046687380855159, 0.0016155988451405348, 0.028689885887191083, 0.06030234382639765, 0.0016155988451405348], [0.6018461620199056, 0.30426636290578485, 0.0016155988449728072, 0.028958645569449968, 0.06169763181491404, 0.0016155988449728072], [0.15470965787803728, 0.3612054517879742, 0.0016155988449268787, 0.032954184504112166, 0.44789950814002255, 0.0016155988449268787], [0.34780350729535775, 0.4472317000373112, 0.0016155988449295367, 0.03900165113547347, 0.16273194384199838, 0.0016155988449295367], [0.1539761729102307, 0.3634739078847924, 0.0016155988449268787, 0.0329783629139688, 0.4463403586011543, 0.0016155988449268787], [0.6038835860163407, 0.30316422665069226, 0.001615598845471036, 0.028745587648018846, 0.060975401994006216, 0.001615598845471036], [0.6067211621771658, 0.2991204042083864, 0.0016155988450000753, 0.02880443538258365, 0.062122800541863886, 0.0016155988450000753], [0.6268593045085175, 0.2846993579477155, 0.0016155988449434073, 0.027343677718534822, 0.05786646213534543, 0.0016155988449434073], [0.6788536909566322, 0.24519921559623012, 0.0016155988449326, 0.02402364902211149, 0.04869224673516109, 0.0016155988449326], [0.7116948754942385, 0.21931109748626468, 0.0016155988449684678, 0.022078591235324293, 0.04368423809423576, 0.0016155988449684678], [0.6334683639608291, 0.27764484433190006, 0.0016155988450934325, 0.02727989457553422, 0.05837569944154978, 0.0016155988450934325], [0.0015694627409215903, 0.0015694627409215903, 0.0015694627409215903, 0.0015694627409215903, 0.0015694627409215903, 0.9921526862953921], [0.0015694627409215903, 0.0015694627409215903, 0.0015694627409215903, 0.0015694627409215903, 0.0015694627409215903, 0.9921526862953921], [0.5688484348643615, 0.33104693995108236, 0.0016155988449908733, 0.030837442593206178, 0.06603598490136814, 0.0016155988449908733], [0.13209766880498416, 0.28446637373856515, 0.0016155988449268798, 0.0284810452885269, 0.55172371447807, 0.0016155988449268798], [0.6277841856212646, 0.2835254706621231, 0.0016155988449281743, 0.027433797853934454, 0.058025348172821664, 0.0016155988449281743], [0.5660628720767598, 0.3327461379724579, 0.0016155988449293038, 0.03116846928057141, 0.06679132298035238, 0.0016155988449293038], [0.1539300122895411, 0.3636115268501745, 0.0016155988449268787, 0.033044648505941326, 0.4461826146644893, 0.0016155988449268787], [0.5644422972883831, 0.33522980976269456, 0.0016155988449271046, 0.03109966451016609, 0.06599703074890194, 0.0016155988449271046], [0.6255399128017456, 0.2842454138448399, 0.001615598844926891, 0.02774635195763043, 0.05923712370593032, 0.001615598844926891], [0.11108249886026939, 0.24852082310288198, 0.0016155988449268802, 0.02512639025617858, 0.6120390900908164, 0.0016155988449268802], [0.7091830443784908, 0.22054386888118582, 0.001615598844926944, 0.02245675603363664, 0.044585133016832826, 0.001615598844926944], [0.7092811875241787, 0.22051994916551923, 0.0016155988449269591, 0.022428903927776685, 0.04453876169267162, 0.0016155988449269591], [0.10267429190463942, 0.2353726314871012, 0.0016155988449268787, 0.023652049469319446, 0.6350698294490862, 0.0016155988449268787], [0.09833292120436317, 0.22545575246210436, 0.0016155988449268802, 0.02276088641048893, 0.6502192422331898, 0.0016155988449268802], [0.6960391695431907, 0.23158819445740417, 0.0016155988449278107, 0.023121142529503896, 0.04602029578004565, 0.0016155988449278107], [0.6783273662363235, 0.24489077072907744, 0.00161559884493248, 0.02409306294841816, 0.04945760239631608, 0.00161559884493248], [0.6273209097605554, 0.2836565110724356, 0.001615598845323113, 0.027312366320223096, 0.058479015156139624, 0.001615598845323113], [0.6068319353862048, 0.29796886250525945, 0.0016155988553158555, 0.02869994334976608, 0.063268061048138, 0.0016155988553158555], [0.0015694627409215903, 0.0015694627409215903, 0.0015694627409215903, 0.0015694627409215903, 0.0015694627409215903, 0.9921526862953921], [0.5697224538333808, 0.3243328969792724, 0.017668056551848905, 0.025170351379534085, 0.0614906421810691, 0.0016155990748946219], [0.5976817825096448, 0.15586603030026852, 0.16465336360102079, 0.0253812003840507, 0.05478603659638673, 0.0016315866086285716], [0.6236185306832116, 0.15264602600421773, 0.15354326411509617, 0.02400132479954336, 0.044559267792973194, 0.0016315866049579643], [0.992152686295392, 0.0015694627409215901, 0.0015694627409215901, 0.0015694627409215901, 0.0015694627409215901, 0.0015694627409215901], [0.0493491143118634, 0.08280387734488673, 0.05839312386036997, 0.01225984860438994, 0.7955624492747825, 0.0016315866037075165], [0.992152686295392, 0.0015694627409215901, 0.0015694627409215901, 0.0015694627409215901, 0.0015694627409215901, 0.0015694627409215901], [0.992152686295392, 0.0015694627409215901, 0.0015694627409215901, 0.0015694627409215901, 0.0015694627409215901, 0.0015694627409215901]], [[0.992152686295392, 0.0015694627409215901, 0.0015694627409215901, 0.0015694627409215901, 0.0015694627409215901, 0.0015694627409215901], [0.09504277395135248, 0.16416084104436798, 0.16472894701777457, 0.02539409032429696, 0.5490417610585006, 0.0016315866037075158], [0.13999059637618533, 0.35257677628723133, 0.0016155988449271872, 0.031545202425883954, 0.472656227220845, 0.0016155988449271872], [0.1499311094142316, 0.37226888094921873, 0.001615598844926879, 0.03297434721227427, 0.4415944647344216, 0.001615598844926879], [0.5603779156762357, 0.3405092624044944, 0.0016155988450088895, 0.030983280594785882, 0.06489834363446641, 0.0016155988450088895], [0.5621167565526862, 0.33756823677689235, 0.0016155988450689551, 0.031162674110762737, 0.0659211348695206, 0.0016155988450689551], [0.5429079617433354, 0.35144270262181254, 0.0016155988449547281, 0.03209508944574234, 0.07032304849920024, 0.0016155988449547281], [0.5643111514800139, 0.3354218065734262, 0.0016155988451168233, 0.03102642727389966, 0.06600941698242659, 0.0016155988451168233], [0.5633774388314665, 0.3372908847219566, 0.0016155988450786175, 0.030863620888479427, 0.06523685786794017, 0.0016155988450786175], [0.5445779111917336, 0.35038040825631894, 0.0016155988450729155, 0.031958329911339664, 0.06985215295046195, 0.0016155988450729155], [0.14478050235661669, 0.33970572277955763, 0.0016155988449268806, 0.03161890289880206, 0.48066367427516987, 0.0016155988449268806], [0.12977607300169924, 0.29008159777252185, 0.0016155988449268798, 0.02858827468533684, 0.5483228568505882, 0.0016155988449268798], [0.6294739196260084, 0.2819452829136793, 0.0016155988450950235, 0.027274974598244295, 0.05807462517187798, 0.0016155988450950235], [0.0015694627409215903, 0.0015694627409215903, 0.0015694627409215903, 0.0015694627409215903, 0.0015694627409215903, 0.9921526862953921], [0.0015694627409215903, 0.0015694627409215903, 0.0015694627409215903, 0.0015694627409215903, 0.0015694627409215903, 0.9921526862953921], [0.13887453540423372, 0.3013997668628388, 0.0016155988449268782, 0.030277254733630757, 0.5262172453094429, 0.0016155988449268782], [0.6299708442061256, 0.2814661220574513, 0.0016155988449277037, 0.027306173615045802, 0.058025662431521935, 0.0016155988449277037], [0.6805409996832703, 0.24250757606315904, 0.0016155988449280225, 0.024141015701413162, 0.049579210862301555, 0.0016155988449280225], [0.6072066830721137, 0.2992975436349837, 0.0016155988449274349, 0.02871353416486728, 0.061551041438180555, 0.0016155988449274349], [0.15442199158016154, 0.35649156728025255, 0.0016155988449268787, 0.032526271622934096, 0.453328971826798, 0.0016155988449268787], [0.3472944960253144, 0.4479818240424672, 0.0016155988449268795, 0.03913676195724578, 0.16235572028511872, 0.0016155988449268795], [0.1553502509047728, 0.35946391132913236, 0.0016155988449268787, 0.032917663361508906, 0.4490369767147321, 0.0016155988449268787], [0.14266921772068758, 0.3012264660980063, 0.0016155988449268787, 0.030433647641870176, 0.5224394708495822, 0.0016155988449268787], [0.14222409423982