{"prediction": [[[0.992152686295392, 0.0015694627409215901, 0.0015694627409215901, 0.0015694627409215901, 0.0015694627409215901, 0.0015694627409215901], [0.992152686295392, 0.0015694627409215901, 0.0015694627409215901, 0.0015694627409215901, 0.0015694627409215901, 0.0015694627409215901], [0.992152686295392, 0.0015694627409215901, 0.0015694627409215901, 0.0015694627409215901, 0.0015694627409215901, 0.0015694627409215901], [0.992152686295392, 0.0015694627409215901, 0.0015694627409215901, 0.0015694627409215901, 0.0015694627409215901, 0.0015694627409215901], [0.992152686295392, 0.0015694627409215901, 0.0015694627409215901, 0.0015694627409215901, 0.0015694627409215901, 0.0015694627409215901], [0.992152686295392, 0.0015694627409215901, 0.0015694627409215901, 0.0015694627409215901, 0.0015694627409215901, 0.0015694627409215901], [0.992152686295392, 0.0015694627409215901, 0.0015694627409215901, 0.0015694627409215901, 0.0015694627409215901, 0.0015694627409215901], [0.992152686295392, 0.0015694627409215901, 0.0015694627409215901, 0.0015694627409215901, 0.0015694627409215901, 0.0015694627409215901], [0.992152686295392, 0.0015694627409215901, 0.0015694627409215901, 0.0015694627409215901, 0.0015694627409215901, 0.0015694627409215901], [0.992152686295392, 0.0015694627409215901, 0.0015694627409215901, 0.0015694627409215901, 0.0015694627409215901, 0.0015694627409215901], [0.992152686295392, 0.0015694627409215901, 0.0015694627409215901, 0.0015694627409215901, 0.0015694627409215901, 0.0015694627409215901], [0.992152686295392, 0.0015694627409215901, 0.0015694627409215901, 0.0015694627409215901, 0.0015694627409215901, 0.0015694627409215901], [0.992152686295392, 0.0015694627409215901, 0.0015694627409215901, 0.0015694627409215901, 0.0015694627409215901, 0.0015694627409215901], [0.992152686295392, 0.0015694627409215901, 0.0015694627409215901, 0.0015694627409215901, 0.0015694627409215901, 0.0015694627409215901], [0.992152686295392, 0.0015694627409215901, 0.0015694627409215901, 0.0015694627409215901, 0.0015694627409215901, 0.0015694627409215901], [0.992152686295392, 0.0015694627409215901, 0.0015694627409215901, 0.0015694627409215901, 0.0015694627409215901, 0.0015694627409215901], [0.992152686295392, 0.0015694627409215901, 0.0015694627409215901, 0.0015694627409215901, 0.0015694627409215901, 0.0015694627409215901], [0.992152686295392, 0.0015694627409215901, 0.0015694627409215901, 0.0015694627409215901, 0.0015694627409215901, 0.0015694627409215901], [0.992152686295392, 0.0015694627409215901, 0.0015694627409215901, 0.0015694627409215901, 0.0015694627409215901, 0.0015694627409215901], [0.992152686295392, 0.0015694627409215901, 0.0015694627409215901, 0.0015694627409215901, 0.0015694627409215901, 0.0015694627409215901], [0.992152686295392, 0.0015694627409215901, 0.0015694627409215901, 0.0015694627409215901, 0.0015694627409215901, 0.0015694627409215901], [0.992152686295392, 0.0015694627409215901, 0.0015694627409215901, 0.0015694627409215901, 0.0015694627409215901, 0.0015694627409215901], [0.992152686295392, 0.0015694627409215901, 0.0015694627409215901, 0.0015694627409215901, 0.0015694627409215901, 0.0015694627409215901], [0.992152686295392, 0.0015694627409215901, 0.0015694627409215901, 0.0015694627409215901, 0.0015694627409215901, 0.0015694627409215901], [0.992152686295392, 0.0015694627409215901, 0.0015694627409215901, 0.0015694627409215901, 0.0015694627409215901, 0.0015694627409215901], [0.992152686295392, 0.0015694627409215901, 0.0015694627409215901, 0.0015694627409215901, 0.0015694627409215901, 0.0015694627409215901], [0.992152686295392, 0.0015694627409215901, 0.0015694627409215901, 0.0015694627409215901, 0.0015694627409215901, 0.0015694627409215901], [0.992152686295392, 0.0015694627409215901, 0.0015694627409215901, 0.0015694627409215901, 0.0015694627409215901, 0.0015694627409215901], [0.992152686295392, 0.0015694627409215901, 0.0015694627409215901, 0.0015694627409215901, 0.0015694627409215901, 0.0015694627409215901], [0.992152686295392, 0.0015694627409215901, 0.0015694627409215901, 0.0015694627409215901, 0.0015694627409215901, 0.0015694627409215901], [0.992152686295392, 0.0015694627409215901, 0.0015694627409215901, 0.0015694627409215901, 0.0015694627409215901, 0.0015694627409215901], [0.992152686295392, 0.0015694627409215901, 0.0015694627409215901, 0.0015694627409215901, 0.0015694627409215901, 0.0015694627409215901], [0.992152686295392, 0.0015694627409215901, 0.0015694627409215901, 0.0015694627409215901, 0.0015694627409215901, 0.0015694627409215901], [0.992152686295392, 0.0015694627409215901, 0.0015694627409215901, 0.0015694627409215901, 0.0015694627409215901, 0.0015694627409215901], [0.992152686295392, 0.0015694627409215901, 0.0015694627409215901, 0.0015694627409215901, 0.0015694627409215901, 0.0015694627409215901], [0.992152686295392, 0.0015694627409215901, 0.0015694627409215901, 0.0015694627409215901, 0.0015694627409215901, 0.0015694627409215901], [0.992152686295392, 0.0015694627409215901, 0.0015694627409215901, 0.0015694627409215901, 0.0015694627409215901, 0.0015694627409215901], [0.992152686295392, 0.0015694627409215901, 0.0015694627409215901, 0.0015694627409215901, 0.0015694627409215901, 0.0015694627409215901], [0.992152686295392, 0.0015694627409215901, 0.0015694627409215901, 0.0015694627409215901, 0.0015694627409215901, 0.0015694627409215901], [0.992152686295392, 0.0015694627409215901, 0.0015694627409215901, 0.0015694627409215901, 0.0015694627409215901, 0.0015694627409215901]], [[0.992152686295392, 0.0015694627409215901, 0.0015694627409215901, 0.0015694627409215901, 0.0015694627409215901, 0.0015694627409215901], [0.8377081069066316, 0.07844776295872968, 0.05217215134688925, 0.0115121966134462, 0.018528195570592754, 0.0016315866037106721], [0.7429934513534696, 0.11360196021640206, 0.0979708051885925, 0.016587340018036568, 0.027214856619635606, 0.0016315866038636956], [0.6721346029923838, 0.13742892655608574, 0.13175015914169494, 0.020705118183741218, 0.03634960652231923, 0.0016315866037750805], [0.0952565462535091, 0.1644317067357398, 0.16387269753400724, 0.025443023556783576, 0.5493644393162527, 0.0016315866037075165], [0.5789806007121495, 0.16627923230368621, 0.17923348653880616, 0.026469464752842765, 0.04740562908762853, 0.0016315866048869216], [0.6063776887393381, 0.1576032114066531, 0.16467610196425042, 0.024917245453822186, 0.044794165832079194, 0.0016315866038570193], [0.0776046540601617, 0.1398503261298131, 0.13261512127935726, 0.020603244540277232, 0.6276950673866832, 0.0016315866037075158], [0.606640366262058, 0.15746713452212638, 0.16458872427468169, 0.024888102463799106, 0.04478408587360282, 0.0016315866037320437], [0.5389332030661638, 0.17921047168657328, 0.19791833375396467, 0.029270428636266665, 0.05303597625248529, 0.0016315866045462243], [0.5119699315300229, 0.1917375749494746, 0.20785220273330932, 0.031022346491398473, 0.055786357691733866, 0.0016315866040608115], [0.11885170219381584, 0.19095615996617304, 0.2096491634256137, 0.030922382722548904, 0.44798900508814105, 0.0016315866037075158], [0.09504865783429714, 0.16438625710213284, 0.16531502481389868, 0.0254188507414356, 0.5481996229045282, 0.0016315866037075158], [0.7066377130404435, 0.1266013720290384, 0.11405061200456489, 0.018806986177838946, 0.03227173014420657, 0.0016315866039076509], [0.7858422936935247, 0.09839817807341841, 0.07761464169839866, 0.014190765891584214, 0.022322534039328632, 0.0016315866037454733], [0.7067659387647837, 0.1264936397314359, 0.11415097691761052, 0.018761640364680074, 0.032196217617753646, 0.0016315866037361726], [0.09450027564060415, 0.164994067625102, 0.16677968556097986, 0.02536846122679983, 0.5467259233428068, 0.0016315866037075158], [0.5323344854427845, 0.1807120506660914, 0.20469515609609998, 0.029021334901431484, 0.05160538628927341, 0.0016315866043189733], [0.5097227061007951, 0.19385882429240722, 0.20769480999956808, 0.03093793629103549, 0.05615413671020629, 0.0016315866059877693], [0.5318117457499995, 0.1815706040522097, 0.2037087257541264, 0.028899248914713557, 0.05237808892475506, 0.0016315866041959513], [0.6044051076398418, 0.15881005496007047, 0.16585818446617356, 0.024748352745151213, 0.04454671358454734, 0.0016315866042156527], [0.707011334232191, 0.12675037983761456, 0.11339623593047389, 0.018724887602928866, 0.032485575792869724, 0.001631586603921952], [0.7853344970359714, 0.09822098176663267, 0.07933590085656529, 0.014043374021201179, 0.02143365971587361, 0.001631586603755974], [0.03302087951413881, 0.07162587405409454, 0.05079412503402755, 0.008903160854201035, 0.8340243739398304, 0.0016315866037075154], [0.9200545080364748, 0.039583895544792594, 0.028176420694367536, 0.004728517258260448, 0.00582507186239674, 0.0016315866037079193], [0.992152686295392, 0.0015694627409215901, 0.0015694627409215901, 0.0015694627409215901, 0.0015694627409215901, 0.0015694627409215901], [0.992152686295392, 0.0015694627409215901, 0.0015694627409215901, 0.0015694627409215901, 0.0015694627409215901, 0.0015694627409215901], [0.992152686295392, 0.0015694627409215901, 0.0015694627409215901, 0.0015694627409215901, 0.0015694627409215901, 0.0015694627409215901], [0.992152686295392, 0.0015694627409215901, 0.0015694627409215901, 0.0015694627409215901, 0.0015694627409215901, 0.0015694627409215901], [0.992152686295392, 0.0015694627409215901, 0.0015694627409215901, 0.0015694627409215901, 0.0015694627409215901, 0.0015694627409215901], [0.992152686295392, 0.0015694627409215901, 0.0015694627409215901, 0.0015694627409215901, 0.0015694627409215901, 0.0015694627409215901], [0.9545356633333444, 0.02233335461971459, 0.015516957887742088, 0.003208712787289904, 0.002773724768201402, 0.00163158660370762], [0.946846219580166, 0.025991245351666675, 0.01921039240780905, 0.003204035498596536, 0.0031168797780505284, 0.0016312273837112965], [0.9502084467239825, 0.023765186050485644, 0.019189215301955925, 0.0026154545054496627, 0.002590703037159121, 0.0016309943809671317], [0.955603201608935, 0.020335066615285818, 0.0179143726504106, 0.0024956787833166436, 0.0020240054245485336, 0.0016276749175034551], [0.9592133546706783, 0.018019814133087852, 0.017190304252604992, 0.0023268562827921868, 0.001624835330418332, 0.001624835330418332], [0.005513520655117654, 0.01944914613792417, 0.014114398723816583, 0.0016279089170551618, 0.9576671166490313, 0.0016279089170551618], [0.005402925559893418, 0.0240613889088969, 0.017180510771651752, 0.001628497744440841, 0.9500981792706762, 0.001628497744440841], [0.9424976211709415, 0.026083453547373826, 0.026096537259008484, 0.0016186723406656995, 0.0020850433413447315, 0.0016186723406656995], [0.992152686295392, 0.0015694627409215901, 0.0015694627409215901, 0.0015694627409215901, 0.0015694627409215901, 0.0015694627409215901]], [[0.992152686295392, 0.0015694627409215901, 0.0015694627409215901, 0.0015694627409215901, 0.0015694627409215901, 0.0015694627409215901], [0.7851886767037931, 0.09813987608056333, 0.07941514455349018, 0.0140262350826366, 0.021598480975713534, 0.0016315866038033816], [0.0900815152308029, 0.2322903211733225, 0.0016155988449301764, 0.022005994127484614, 0.6523909717785296, 0.0016155988449301764], [0.6207445973172471, 0.29429354724709356, 0.0016155988580521744, 0.02699274019736735, 0.05473791752218769, 0.0016155988580521744], [0.5544450298374729, 0.3494093441040666, 0.0016155988595381052, 0.03045216344104675, 0.062462264898337665, 0.0016155988595381052], [0.526831940141653, 0.3713294755665394, 0.0016155988492573162, 0.03174201054559574, 0.06686537604769724, 0.0016155988492573162], [0.5558434084566461, 0.3472824190792614, 0.0016155988478002337, 0.030587966082708053, 0.06305500868578394, 0.0016155988478002337], [0.12375492278163104, 0.29729629737973595, 0.0016155988449313736, 0.028111434820464905, 0.5476061473283053, 0.0016155988449313736], [0.13260638677510433, 0.31255777586070793, 0.0016155988449313412, 0.02973421120146923, 0.5218704284728558, 0.0016155988449313412], [0.5315762255518858, 0.3658045257346664, 0.0016155988695364086, 0.03194536749857281, 0.06744268347580225, 0.0016155988695364086], [0.3372693337934017, 0.4630227937445516, 0.0016155991634357223, 0.03914782478511367, 0.1573288493500617, 0.0016155991634357223], [0.14741003975629005, 0.3832611611857934, 0.0016155988449271942, 0.032963803562631844, 0.4331337978054303, 0.0016155988449271942], [0.6007139098234298, 0.3091056633150843, 0.0016155988556690532, 0.028376688772463934, 0.05857254037768393, 0.0016155988556690532], [0.6923935523324511, 0.23844623150953817, 0.001615598854072668, 0.022736268926303885, 0.04319274952356151, 0.001615598854072668], [0.7769432127775748, 0.1749627222826669, 0.0016155988556330566, 0.017092949874741276, 0.02776991735375101, 0.0016155988556330566], [0.09539243454659072, 0.2427658224604792, 0.001615598844930238, 0.022828197229609583, 0.63578234807346, 0.001615598844930238], [0.5990876235551676, 0.3108917055200591, 0.001615598856776618, 0.02835796804084745, 0.0584315051703725, 0.001615598856776618], [0.5271786270443275, 0.3710488706509467, 0.0016155988476448603, 0.03174416178589634, 0.06679714282353977, 0.0016155988476448603], [0.3403235174416448, 0.4579820643952375, 0.001615599076559217, 0.03954689780194545, 0.1589163222080539, 0.001615599076559217], [0.5264032819871906, 0.37194986797928703, 0.0016155988592666717, 0.03159362943902846, 0.0668220228759606, 0.0016155988592666717], [0.5979819586051374, 0.3116610524271151, 0.0016155988562580699, 0.028422201512077225, 0.05870358974315426, 0.0016155988562580699], [0.6916198911133374, 0.23958233260231404, 0.0016155988572918152, 0.02269477099115706, 0.04287180757860786, 0.0016155988572918152], [0.7780341242800572, 0.1744031091899369, 0.0016155988535862841, 0.016995198377536283, 0.027336370445297003, 0.0016155988535862841], [0.8590618450326253, 0.11303052464488728, 0.0016155988577548207, 0.010026185425087828, 0.014650247181889998, 0.0016155988577548207], [0.9136845075265287, 0.06882006973601709, 0.0038630263786483313, 0.0041842930257074765, 0.007833108190581816, 0.0016149951425166711], [0.010772981356327054, 0.02646263427001814, 0.017024581924204696, 0.002948620995352459, 0.9411595948503902, 0.0016315866037075154], [0.992152686295392, 0.0015694627409215901, 0.0015694627409215901, 0.0015694627409215901, 0.0015694627409215901, 0.0015694627409215901], [0.9270045411514778, 0.0362779214201653, 0.02534313618379415, 0.004504509798007983, 0.005238304842846634, 0.001631586603708251], [0.016986021149257784, 0.03197743086080042, 0.020222881471135858, 0.003785698027274075, 0.9253963818878244, 0.0016315866037075158], [0.992152686295392, 0.0015694627409215901, 0.0015694627409215901, 0.0015694627409215901, 0.0015694627409215901, 0.0015694627409215901], [0.992152686295392, 0.0015694627409215901, 0.0015694627409215901, 0.0015694627409215901, 0.0015694627409215901, 0.0015694627409215901], [0.9285526259028614, 0.034986537201514165, 0.025019655997097594, 0.004352408006350926, 0.005457186288467332, 0.0016315866037086714], [0.9218911412462797, 0.06161865081149451, 0.003537154915969721, 0.005321064938352838, 0.006017832546882143, 0.0016141555410211668], [0.9426815702207362, 0.04692590961967982, 0.0016155988651930353, 0.003415625709237739, 0.003745696719960299, 0.0016155988651930353], [0.00573092262690046, 0.041188136854101505, 0.0016123684358234545, 0.0031205109947582887, 0.9467356926525929, 0.0016123684358234545], [0.9592509791345298, 0.03294283470343488, 0.0016111083780176304, 0.0026751264728873407, 0.001908842933112747, 0.0016111083780176304], [0.9605026859374021, 0.03204356805003562, 0.0016082232093856254, 0.0025273687752561474, 0.0017099308185350031, 0.0016082232093856254], [0.959841103457349, 0.032504233059854636, 0.0016061132778013723, 0.0023690447519399025, 0.0020733921752537836, 0.0016061132778013723], [0.005300573658843543, 0.024928999512961743, 0.017626303140737015, 0.0016285215250141144, 0.9488870806374294, 0.0016285215250141144], [0.992152686295392, 0.0015694627409215901, 0.0015694627409215901, 0.0015694627409215901, 0.0015694627409215901, 0.0015694627409215901]], [[0.992152686295392, 0.0015694627409215901, 0.0015694627409215901, 0.0015694627409215901, 0.0015694627409215901, 0.0015694627409215901], [0.7747926002336671, 0.10275352761849149, 0.0824349217637914, 0.014817478284383094, 0.02356988549593799, 0.0016315866037289396], [0.6912995928765668, 0.23866187465613842, 0.0016155988556174387, 0.02277763255626559, 0.04402970219979429, 0.0016155988556174387], [0.6014735835212974, 0.30610046666058577, 0.001615598845823604, 0.028696445901078595, 0.06049830622539113, 0.001615598845823604], [0.53516157583017, 0.3610816104751159, 0.0016155988542445405, 0.03189760877362612, 0.06862800721259894, 0.0016155988542445405], [0.3421476216590168, 0.4554657862496786, 0.0016155988465347201, 0.03916634521644393, 0.15998904918179135, 0.0016155988465347201], [0.1515801583616911, 0.3664765833886386, 0.0016155988449268787, 0.03272959515346081, 0.4459824654063557, 0.0016155988449268787], [0.6014936714395012, 0.3064593656414277, 0.0016155988449452934, 0.028634243184268177, 0.060181522044912464, 0.0016155988449452934], [0.6218685587121692, 0.2910347530236488, 0.0016155988449681959, 0.02735764473086274, 0.05650784584338296, 0.0016155988449681959], [0.5589504170500441, 0.34213125704767716, 0.0016155988451806635, 0.03098135308191412, 0.06470577513000333, 0.0016155988451806635], [0.5284728438139589, 0.3697457749187281, 0.0016155988456720719, 0.031818285830078855, 0.06673189774589003, 0.0016155988456720719], [0.5555685278362229, 0.34787894959472954, 0.0016155988449837563, 0.030579843895945955, 0.0627414809831341, 0.0016155988449837563], [0.6231755574486114, 0.2904509188202721, 0.001615598845067348, 0.02728261162552536, 0.055859714415456355, 0.001615598845067348], [0.7062650803097985, 0.2268885297372762, 0.0016155988450270897, 0.022049866837315756, 0.041565325425555334, 0.0016155988450270897], [0.786986362808093, 0.16597076473618083, 0.0016155988449539907, 0.016469112671028074, 0.02734256209479012, 0.0016155988449539907], [0.7067553848135606, 0.2268320869387993, 0.001615598844958203, 0.021940363913560024, 0.04124096664416374, 0.001615598844958203], [0.12425817805678177, 0.29539477524838176, 0.0016155988449268798, 0.02829794118895223, 0.5488179078160305, 0.0016155988449268798], [0.5572326282913243, 0.3454030845998365, 0.001615598845956649, 0.030743406474702886, 0.0633896829422232, 0.001615598845956649], [0.5314976136409867, 0.3658939440477441, 0.0016155988483509112, 0.03176231488483651, 0.06761492972973086, 0.0016155988483509112], [0.5569740490157477, 0.345548904117605, 0.0016155988462658569, 0.03062005025772234, 0.0636257989163934, 0.0016155988462658569], [0.6208090005476565, 0.2929842683540798, 0.0016155988450029064, 0.027288604398967443, 0.05568692900929043, 0.0016155988450029064], [0.0897034923561599, 0.23190320770592093, 0.0016155988449268802, 0.022070068767940303, 0.653092033480125, 0.0016155988449268802], [0.7884182901237379, 0.16617075414705842, 0.0016155988449387782, 0.01626239091523539, 0.025917367124090714, 0.0016155988449387782], [0.8659411150858459, 0.10691167466596915, 0.0016155988449547403, 0.00970660814259345, 0.01420940441568196, 0.0016155988449547403], [0.9165706024214015, 0.06727595144039884, 0.0016155988464647457, 0.005722670621352246, 0.007199577823917757, 0.0016155988464647457], [0.9186227628465894, 0.06462916859378823, 0.0036773537427369518, 0.004831187067635335, 0.0066251904253472995, 0.0016143373239029012], [0.8992540831504297, 0.04947957528178055, 0.034561507920052484, 0.006268383443589462, 0.008804863600432445, 0.0016315866037152826], [0.992152686295392, 0.0015694627409215901, 0.0015694627409215901, 0.0015694627409215901, 0.0015694627409215901, 0.0015694627409215901], [0.8653726630855527, 0.06654483600026191, 0.043733132604704066, 0.009494462424213347, 0.01322331928155967, 0.0016315866037083532], [0.992152686295392, 0.0015694627409215901, 0.0015694627409215901, 0.0015694627409215901, 0.0015694627409215901, 0.0015694627409215901], [0.992152686295392, 0.0015694627409215901, 0.0015694627409215901, 0.0015694627409215901, 0.0015694627409215901, 0.0015694627409215901], [0.992152686295392, 0.0015694627409215901, 0.0015694627409215901, 0.0015694627409215901, 0.0015694627409215901, 0.0015694627409215901], [0.8992632677843181, 0.04912209539909097, 0.03483151756568266, 0.006235498925846774, 0.00891603372133575, 0.0016315866037258213], [0.9178385886178271, 0.06537747526840883, 0.0036775670864067707, 0.004831400411305153, 0.006660417948479502, 0.0016145506675727202], [0.9393155553218074, 0.04980780402357718, 0.0016155988475559688, 0.0036062991649927316, 0.004039143794510481, 0.0016155988475559688], [0.954999689301412, 0.03604989364505554, 0.0016155988449444905, 0.003159456579214773, 0.002559762784428862, 0.0016155988449444905], [0.9595053407317038, 0.03278083400847964, 0.0016107361853906947, 0.002651775120517375, 0.001840577768517768, 0.0016107361853906947], [0.9598443448451212, 0.03264718653249254, 0.0016075464534260316, 0.0024838402892963353, 0.001809535426237976, 0.0016075464534260316], [0.9516756659861197, 0.021241621220406487, 0.022081342317360156, 0.0016213752950389527, 0.0017586198860357284, 0.0016213752950389527], [0.992152686295392, 0.0015694627409215901, 0.0015694627409215901, 0.0015694627409215901, 0.0015694627409215901, 0.0015694627409215901]], [[0.992152686295392, 0.0015694627409215901, 0.0015694627409215901, 0.0015694627409215901, 0.0015694627409215901, 0.0015694627409215901], [0.06965889710342692, 0.1268349896529067, 0.1154563471971996, 0.018124532448134754, 0.6682936469946245, 0.0016315866037075158], [0.6913489725891641, 0.23866085658171415, 0.001615598855360517, 0.022751943727546263, 0.0440070293908545, 0.001615598855360517], [0.6222522783766853, 0.2907079424459652, 0.0016155988451522865, 0.027326745769361765, 0.05648183571768315, 0.0016155988451522865], [0.5601960332095861, 0.3410020668989021, 0.0016155988453019619, 0.030839607053008544, 0.06473109514789932, 0.0016155988453019619], [0.5360745034034148, 0.3597798444517576, 0.0016155988458742508, 0.03200387490060739, 0.06891057955247189, 0.0016155988458742508], [0.5623153250428302, 0.3381890032682512, 0.0016155988450486298, 0.030945383814336275, 0.06531909018448527, 0.0016155988450486298], [0.12724880831778626, 0.2928360081144946, 0.0016155988449268802, 0.0285956017475679, 0.5480883841302974, 0.0016155988449268802], [0.6747765575879994, 0.24996554028609985, 0.00161559884502668, 0.024183395718477257, 0.04784330871737003, 0.00161559884502668], [0.6228539334286649, 0.2892919216468407, 0.001615598845162297, 0.027529949262174846, 0.057092997971994935, 0.001615598845162297], [0.13278027245344987, 0.3125483214017534, 0.0016155988449268782, 0.030164235828229337, 0.5212759726267135, 0.0016155988449268782], [0.6219621614396255, 0.292029825526361, 0.0016155988449322836, 0.02728062142907731, 0.05549619391507184, 0.0016155988449322836], [0.10467716563669269, 0.25335106536223195, 0.0016155988449268798, 0.024668743105500934, 0.6140718282057206, 0.0016155988449268798], [0.7442973186357639, 0.19812250299901474, 0.0016155988449455172, 0.01961756995620042, 0.034731410719130024, 0.0016155988449455172], [0.744575930828397, 0.1969749363148479, 0.0016155988449353775, 0.019666818815194876, 0.035551116351689574, 0.0016155988449353775], [0.7069012150997784, 0.22614319049311432, 0.0016155988449316563, 0.022084689718566242, 0.041639706998677736, 0.0016155988449316563], [0.6750593776055677, 0.2507502231889738, 0.001615598844933851, 0.024057402148990385, 0.046901799366600404, 0.001615598844933851], [0.6219824115731606, 0.29100400479248145, 0.0016155988449786801, 0.02743158047129678, 0.0563508054731039, 0.0016155988449786801], [0.600997420705354, 0.30703400150815835, 0.001615598845096506, 0.028665946170769285, 0.0600714339255253, 0.001615598845096506], [0.6218673333842966, 0.2911633724036251, 0.0016155988450256321, 0.027384761578636507, 0.05635333494339078, 0.0016155988450256321], [0.6749385966758096, 0.2508264200802989, 0.0016155988449321312, 0.02408781706163134, 0.04691596849239612, 0.0016155988449321312], [0.07396230499935728, 0.2021019445959481, 0.0016155988449268802, 0.01960488195578827, 0.7010996707590527, 0.0016155988449268802], [0.8180499331240796, 0.14296802654740293, 0.0016155988449270066, 0.013899111104366911, 0.02185173153429651, 0.0016155988449270066], [0.8826307784949451, 0.09336158427631121, 0.0016155988449284625, 0.008594378476243392, 0.012182061062643263, 0.0016155988449284625], [0.9251158990194364, 0.06001352901897758, 0.0016155988449390638, 0.005137434460542712, 0.006501939811165092, 0.0016155988449390638], [0.8968740019145269, 0.08257362627098241, 0.0016155988526651477, 0.007175948949285185, 0.010145225159875216, 0.0016155988526651477], [0.8659394554491188, 0.06284385208355286, 0.046021509826736307, 0.00940624197676072, 0.01415735405999801, 0.0016315866038331477], [0.992152686295392, 0.0015694627409215901, 0.0015694627409215901, 0.0015694627409215901, 0.0015694627409215901, 0.0015694627409215901], [0.992152686295392, 0.0015694627409215901, 0.0015694627409215901, 0.0015694627409215901, 0.0015694627409215901, 0.0015694627409215901], [0.992152686295392, 0.0015694627409215901, 0.0015694627409215901, 0.0015694627409215901, 0.0015694627409215901, 0.0015694627409215901], [0.992152686295392, 0.0015694627409215901, 0.0015694627409215901, 0.0015694627409215901, 0.0015694627409215901, 0.0015694627409215901], [0.992152686295392, 0.0015694627409215901, 0.0015694627409215901, 0.0015694627409215901, 0.0015694627409215901, 0.0015694627409215901], [0.992152686295392, 0.0015694627409215901, 0.0015694627409215901, 0.0015694627409215901, 0.0015694627409215901, 0.0015694627409215901], [0.9022125382370578, 0.04756787772861397, 0.03204594557404, 0.005666640878838199, 0.010875410977659358, 0.0016315866037906858], [0.9239562762577935, 0.061759515061112755, 0.0016155988577814598, 0.004946230165187936, 0.006106780800342898, 0.0016155988577814598], [0.942089050056884, 0.047517699647560876, 0.0016155988476324965, 0.003459178608336048, 0.003702873991954156, 0.0016155988476324965], [0.005263580503680584, 0.02906081735130632, 0.005143428886824127, 0.002565919760948394, 0.9563556848447566, 0.0016105686524838453], [0.005723305324669989, 0.020999110916512437, 0.013953885559612772, 0.002208031168680737, 0.9554873937720836, 0.0016282732584405968], [0.9598421434315675, 0.017284356944134556, 0.017924604008638958, 0.0017016783171683318, 0.0016236086492453412, 0.0016236086492453412], [0.992152686295392, 0.0015694627409215901, 0.0015694627409215901, 0.0015694627409215901, 0.0015694627409215901, 0.0015694627409215901]], [[0.992152686295392, 0.0015694627409215901, 0.0015694627409215901, 0.0015694627409215901, 0.0015694627409215901, 0.0015694627409215901], [0.6075644027069325, 0.1569233211479745, 0.16355956964136908, 0.02494896349035339, 0.04537215640962566, 0.0016315866037449466], [0.13415895348694246, 0.31078118847880104, 0.0016155988449311506, 0.02971870603041582, 0.5221099543139783, 0.0016155988449311506], [0.12688056450935564, 0.2989267057643006, 0.0016155988449268798, 0.028827745079862063, 0.542133786956628, 0.0016155988449268798], [0.617826054992286, 0.29383309968587085, 0.0016155988452411332, 0.02771046787842868, 0.05739917975293217, 0.0016155988452411332], [0.602002669990607, 0.3046203556376513, 0.0016155988450778692, 0.028841538286336912, 0.06130423839524895, 0.0016155988450778692], [0.6226672099708265, 0.2881261051827346, 0.0016155988449713713, 0.027626910451990526, 0.058348576704505634, 0.0016155988449713713], [0.6739799925605965, 0.250371460859335, 0.0016155988449567014, 0.024273216457045957, 0.04814413243310931, 0.0016155988449567014], [0.7455048367157712, 0.195804586879059, 0.0016155988449276946, 0.019702772640572176, 0.03575660607474233, 0.0016155988449276946], [0.7096590040055576, 0.22250289409992172, 0.0016155988449295105, 0.022094367062629704, 0.04251253714203221, 0.0016155988449295105], [0.6955175016457594, 0.23465346243837917, 0.0016155988449273735, 0.022901883673768747, 0.043695954552237966, 0.0016155988449273735], [0.09103527954078518, 0.22835778226288836, 0.0016155988449268798, 0.02229476882176828, 0.6550809716847044, 0.0016155988449268798], [0.7483494163279899, 0.1942161545260361, 0.0016155988449270313, 0.01948380639830527, 0.03471942505781463, 0.0016155988449270313], [0.7460936142442659, 0.19635300788823665, 0.0016155988449276372, 0.019566282346216077, 0.03475589783142604, 0.0016155988449276372], [0.6764947744506099, 0.24817711235242665, 0.0016155988449289838, 0.024177561355871773, 0.047919354151233745, 0.0016155988449289838], [0.1277098170793881, 0.29140344267705237, 0.0016155988449268798, 0.02868055555527819, 0.5489749869984275, 0.0016155988449268798], [0.6032567045293049, 0.3040577893096773, 0.0016155988449338217, 0.02877043894176359, 0.06068386952938659, 0.0016155988449338217], [0.6239084930852814, 0.28835453377654624, 0.0016155988449309089, 0.027485752822059943, 0.057020022626250735, 0.0016155988449309089], [0.6754870764919302, 0.2492559613899867, 0.0016155988449282127, 0.024205062268983793, 0.047820702159242834, 0.0016155988449282127], [0.706760536650941, 0.22488169928642962, 0.0016155988449272722, 0.022334394658969435, 0.04279217171380543, 0.0016155988449272722], [0.7449371424916702, 0.19676903731253328, 0.0016155988449272872, 0.019688507503870283, 0.03537411500207177, 0.0016155988449272872], [0.7988970953505516, 0.15687214828990512, 0.0016155988449269116, 0.015647293179757653, 0.025352265489931594, 0.0016155988449269116], [0.033792084163186964, 0.11404264342527184, 0.0016155988449268787, 0.010430937039208254, 0.8385031376824792, 0.0016155988449268787], [0.8969757976805504, 0.08167654533477536, 0.001615598844927883, 0.0075683978186684145, 0.010548061476149903, 0.001615598844927883], [0.9081165400925981, 0.07322091658515682, 0.0016155988449331115, 0.006603121460779026, 0.008828224171599779, 0.0016155988449331115], [0.8612901171706395, 0.11045148298232979, 0.0016155988459502246, 0.009925802950386213, 0.015101399204744065, 0.0016155988459502246], [0.8172767474118409, 0.14059316848165507, 0.010474543438175138, 0.0114217654884445, 0.018618175003464486, 0.0016156001764198228], [0.7338831177489112, 0.1168642205237414, 0.09819548137972021, 0.016597246456938244, 0.0328283472868787, 0.001631586603810207], [0.06752715247584565, 0.127460995321331, 0.11354396304394333, 0.017997576869512717, 0.6718387256856597, 0.0016315866037075154], [0.6924108194150034, 0.13169258795838695, 0.12046997007776042, 0.019508300101173374, 0.03428673584389758, 0.001631586603778325], [0.705563584201566, 0.12715475064257162, 0.11431809813988696, 0.01877663724284637, 0.032555343169056235, 0.0016315866040728217], [0.05492681940048553, 0.09449415923713803, 0.06982181559983133, 0.01371826746773649, 0.7654073516911012, 0.0016315866037075158], [0.992152686295392, 0.0015694627409215901, 0.0015694627409215901, 0.0015694627409215901, 0.0015694627409215901, 0.0015694627409215901], [0.032795164834067185, 0.06290575672849061, 0.04160976817759288, 0.00664235864386583, 0.8544153650122759, 0.0016315866037075145], [0.9089704373146819, 0.07242116885976518, 0.004039261894048761, 0.004727117787167481, 0.008227289419707604, 0.0016147247246291571], [0.931218658754379, 0.05634775281677398, 0.0016155988627189661, 0.004193155706397292, 0.005009234997011754, 0.0016155988627189661], [0.007621976969531357, 0.022972747968625352, 0.014994773958325339, 0.0026526078544070386, 0.9501298504667106, 0.0016280427824002226], [0.992152686295392, 0.0015694627409215901, 0.0015694627409215901, 0.0015694627409215901, 0.0015694627409215901, 0.0015694627409215901], [0.9630716706174127, 0.016964761416890677, 0.014818064747071613, 0.0018932127676875806, 0.0016261452254687314, 0.0016261452254687314], [0.992152686295392, 0.0015694627409215901, 0.0015694627409215901, 0.0015694627409215901, 0.0015694627409215901, 0.0015694627409215901]], [[0.992152686295392, 0.0015694627409215901, 0.0015694627409215901, 0.0015694627409215901, 0.0015694627409215901, 0.0015694627409215901], [0.12110136140206859, 0.1874773885931634, 0.20686989384945503, 0.03074313734512073, 0.45217663220648485, 0.0016315866037075162], [0.5345575262343536, 0.36234224027043643, 0.0016155988468620568, 0.031889991140251636, 0.06797904466123442, 0.0016155988468620568], [0.5575366223064501, 0.3440715047059743, 0.0016155988450553655, 0.03085910921622557, 0.06430156608123921, 0.0016155988450553655], [0.5577513492114341, 0.3428302751919923, 0.0016155988450360988, 0.031028618093360764, 0.06515855981314063, 0.0016155988450360988], [0.537253822353343, 0.3584613183290519, 0.0016155988453293551, 0.031988242582029834, 0.06906541904491659, 0.0016155988453293551], [0.5638025814790816, 0.33667007998697424, 0.0016155988450128704, 0.03087688146975502, 0.06541925937416362, 0.0016155988450128704], [0.6246913413423056, 0.28743785992024196, 0.0016155988449419166, 0.027418836397573573, 0.057220764649994996, 0.0016155988449419166], [0.7078629330750269, 0.22427481682935516, 0.0016155988449324515, 0.02216374547047305, 0.04246730693527994, 0.0016155988449324515], [0.05967576357917412, 0.16608877828104537, 0.0016155988449268802, 0.016664524137736992, 0.7543397363121896, 0.0016155988449268802], [0.7807697295953259, 0.17089289078348108, 0.0016155988449269134, 0.01726027156490681, 0.027845910366432348, 0.0016155988449269134], [0.7912443639153642, 0.16272135175900276, 0.0016155988449270211, 0.016434674628808276, 0.02636841200697074, 0.0016155988449270211], [0.7919932882101574, 0.16139128918618187, 0.0016155988449269984, 0.016455230486631653, 0.02692899442717512, 0.0016155988449269984], [0.09233833667893154, 0.2278021062787858, 0.0016155988449268798, 0.022372792087027853, 0.654255567265401, 0.0016155988449268798], [0.6247345652267458, 0.2875993376056819, 0.0016155988449285657, 0.027447587394311006, 0.05698731208340421, 0.0016155988449285657], [0.5621213109620593, 0.3392709381317472, 0.001615598844951091, 0.030846195734018485, 0.0645303574822729, 0.001615598844951091], [0.538462085996711, 0.3580048912257737, 0.0016155988449359886, 0.031910810814532925, 0.06839101427311042, 0.0016155988449359886], [0.1424578420572918, 0.3463125032740306, 0.0016155988449268802, 0.031886683503058594, 0.4761117734757652, 0.0016155988449268802], [0.1271424916981748, 0.2923003286572669, 0.0016155988449268798, 0.02862807042799298, 0.5486979115267115, 0.0016155988449268798], [0.6941544417742409, 0.23454557265723322, 0.0016155988449271406, 0.02312469339397706, 0.04494409448469459, 0.0016155988449271406], [0.09356424972782379, 0.22806022492628159, 0.0016155988449268802, 0.022444253053370052, 0.6527000746026709, 0.0016155988449268802], [0.7471601520042905, 0.1955539950398251, 0.0016155988449269017, 0.01950763141754788, 0.03454702384848278, 0.0016155988449269017], [0.8005842770750641, 0.15527471070845744, 0.0016155988449270112, 0.01558375302060486, 0.025326061506019692, 0.0016155988449270112], [0.861989377308781, 0.1089059167915595, 0.0016155988449269981, 0.010279036583882722, 0.01559447162592282, 0.0016155988449269981], [0.8832492143817731, 0.09296176345229719, 0.0016155988449276816, 0.008484924290211858, 0.012072900185862417, 0.0016155988449276816], [0.8187845508736309, 0.14278212363397752, 0.0016155988449542262, 0.013634507783149024, 0.021567620019334245, 0.0016155988449542262], [0.745775995697534, 0.19848693343784213, 0.0016155988464970651, 0.019084689176337585, 0.033421183995292106, 0.0016155988464970651], [0.6733495768686625, 0.2546111177474418, 0.0016155988585142692, 0.023517394218775464, 0.04529071344809189, 0.0016155988585142692], [0.121557540909586, 0.30005889323461854, 0.001615598844931114, 0.02781759981347286, 0.5473347683524603, 0.001615598844931114], [0.59711653078593, 0.31323421143003577, 0.0016155988576054836, 0.028187043950233085, 0.05823101611859014, 0.0016155988576054836], [0.6180396515475628, 0.29706627533106056, 0.0016155988579711108, 0.026927345480038146, 0.05473552992539631, 0.0016155988579711108], [0.6766787258185881, 0.13917129841555914, 0.12257873223361483, 0.01864336619360586, 0.04129629073491319, 0.0016315866037187807], [0.992152686295392, 0.0015694627409215901, 0.0015694627409215901, 0.0015694627409215901, 0.0015694627409215901, 0.0015694627409215901], [0.992152686295392, 0.0015694627409215901, 0.0015694627409215901, 0.0015694627409215901, 0.0015694627409215901, 0.0015694627409215901], [0.01867869262423279, 0.042011353979018985, 0.02720471037352018, 0.004962507973549413, 0.905511148445971, 0.0016315866037075158], [0.9165902738084308, 0.06660120937271027, 0.0037133714026620235, 0.004704937475398436, 0.00677591234633984, 0.0016142955944586463], [0.9335072747676395, 0.05130647373980361, 0.0045166187876020305, 0.004879111017881107, 0.004177143253313618, 0.001613378433760211], [0.9520903572768441, 0.02271812427684749, 0.018599180680612167, 0.002575836577583808, 0.0023854583303902902, 0.001631042857722229], [0.992152686295392, 0.0015694627409215901, 0.0015694627409215901, 0.0015694627409215901, 0.0015694627409215901, 0.0015694627409215901], [0.992152686295392, 0.0015694627409215901, 0.0015694627409215901, 0.0015694627409215901, 0.0015694627409215901, 0.0015694627409215901]], [[0.992152686295392, 0.0015694627409215901, 0.0015694627409215901, 0.0015694627409215901, 0.0015694627409215901, 0.0015694627409215901], [0.5168632701212081, 0.1880158712516499, 0.20466953508365, 0.031368180039557186, 0.05745155689540448, 0.0016315866085302143], [0.34135879291358623, 0.4571919314619101, 0.0016155990857223612, 0.03891553581273846, 0.1593025416403204, 0.0016155990857223612], [0.15110371037392412, 0.37212945094808286, 0.0016155988449268962, 0.03307645843891991, 0.4404591825492193, 0.0016155988449268962], [0.5331052330701477, 0.3622366234138776, 0.001615598848060572, 0.0322668512891766, 0.06916009453067688, 0.001615598848060572], [0.34123506486958083, 0.4565207246302025, 0.0016155988449276244, 0.039402605338591946, 0.1596104074717694, 0.0016155988449276244], [0.15167216479657575, 0.3683440766276913, 0.0016155988449268787, 0.0328363205030503, 0.44391624038282884, 0.0016155988449268787], [0.6022874674050989, 0.30595861920163675, 0.0016155988449300547, 0.028606878763732586, 0.05991583693967177, 0.0016155988449300547], [0.6951492218506967, 0.23420640131926312, 0.001615598844928219, 0.02300993953733542, 0.044403239602848456, 0.001615598844928219], [0.7813311467548563, 0.16971621896668587, 0.0016155988449269622, 0.017294988568369835, 0.02842644802023408, 0.0016155988449269622], [0.031526513807182494, 0.11218629958842691, 0.0016155988449268787, 0.010105940577011838, 0.842950048337525, 0.0016155988449268787], [0.8629569120138926, 0.10838789013326089, 0.0016155988449268925, 0.01031607088124705, 0.015107929281745671, 0.0016155988449268925], [0.7835700471338349, 0.1679450216065711, 0.0016155988449269027, 0.017270044802077656, 0.02798368876766256, 0.0016155988449269027], [0.6951997629439385, 0.23502654999811595, 0.001615598844927055, 0.022951974608084943, 0.0435905147600066, 0.001615598844927055], [0.6018216528149055, 0.3071641316736307, 0.001615598844927734, 0.028586060446638216, 0.05919695737497012, 0.001615598844927734], [0.534135731308459, 0.362952491553938, 0.0016155988449289037, 0.031842477972398434, 0.0678381014753466, 0.0016155988449289037], [0.33834057926256017, 0.4606370910673283, 0.0016155988449268808, 0.03957603737548362, 0.15821509460477406, 0.0016155988449268808], [0.5314693401993416, 0.3657301852520657, 0.0016155988449273022, 0.0319132821493138, 0.06765599470942438, 0.0016155988449273022], [0.5986834701973766, 0.30923822733466216, 0.0016155988449273473, 0.02885275743675875, 0.05999434734134776, 0.0016155988449273473], [0.6014110594809813, 0.30634649962795296, 0.0016155988449271328, 0.028837696425271855, 0.06017354677593951, 0.0016155988449271328], [0.6235083065269582, 0.28968959800748467, 0.001615598844927208, 0.027417388761930835, 0.05615350901377196, 0.001615598844927208], [0.10284884817604256, 0.2541048663848956, 0.0016155988449268802, 0.024536772348724433, 0.6152783154004837, 0.0016155988449268802], [0.7482015797848768, 0.1950746931487914, 0.0016155988449279902,