{"prediction": [[[0.95011876625803, 0.009976246748393995, 0.009976246748393995, 0.009976246748393995, 0.009976246748393995, 0.009976246748393995], [0.95011876625803, 0.009976246748393995, 0.009976246748393995, 0.009976246748393995, 0.009976246748393995, 0.009976246748393995], [0.95011876625803, 0.009976246748393995, 0.009976246748393995, 0.009976246748393995, 0.009976246748393995, 0.009976246748393995], [0.95011876625803, 0.009976246748393995, 0.009976246748393995, 0.009976246748393995, 0.009976246748393995, 0.009976246748393995], [0.95011876625803, 0.009976246748393995, 0.009976246748393995, 0.009976246748393995, 0.009976246748393995, 0.009976246748393995], [0.95011876625803, 0.009976246748393995, 0.009976246748393995, 0.009976246748393995, 0.009976246748393995, 0.009976246748393995], [0.95011876625803, 0.009976246748393995, 0.009976246748393995, 0.009976246748393995, 0.009976246748393995, 0.009976246748393995], [0.95011876625803, 0.009976246748393995, 0.009976246748393995, 0.009976246748393995, 0.009976246748393995, 0.009976246748393995], [0.95011876625803, 0.009976246748393995, 0.009976246748393995, 0.009976246748393995, 0.009976246748393995, 0.009976246748393995], [0.95011876625803, 0.009976246748393995, 0.009976246748393995, 0.009976246748393995, 0.009976246748393995, 0.009976246748393995], [0.95011876625803, 0.009976246748393995, 0.009976246748393995, 0.009976246748393995, 0.009976246748393995, 0.009976246748393995], [0.95011876625803, 0.009976246748393995, 0.009976246748393995, 0.009976246748393995, 0.009976246748393995, 0.009976246748393995], [0.95011876625803, 0.009976246748393995, 0.009976246748393995, 0.009976246748393995, 0.009976246748393995, 0.009976246748393995], [0.95011876625803, 0.009976246748393995, 0.009976246748393995, 0.009976246748393995, 0.009976246748393995, 0.009976246748393995], [0.95011876625803, 0.009976246748393995, 0.009976246748393995, 0.009976246748393995, 0.009976246748393995, 0.009976246748393995], [0.95011876625803, 0.009976246748393995, 0.009976246748393995, 0.009976246748393995, 0.009976246748393995, 0.009976246748393995], [0.95011876625803, 0.009976246748393995, 0.009976246748393995, 0.009976246748393995, 0.009976246748393995, 0.009976246748393995], [0.95011876625803, 0.009976246748393995, 0.009976246748393995, 0.009976246748393995, 0.009976246748393995, 0.009976246748393995], [0.95011876625803, 0.009976246748393995, 0.009976246748393995, 0.009976246748393995, 0.009976246748393995, 0.009976246748393995], [0.95011876625803, 0.009976246748393995, 0.009976246748393995, 0.009976246748393995, 0.009976246748393995, 0.009976246748393995], [0.95011876625803, 0.009976246748393995, 0.009976246748393995, 0.009976246748393995, 0.009976246748393995, 0.009976246748393995], [0.95011876625803, 0.009976246748393995, 0.009976246748393995, 0.009976246748393995, 0.009976246748393995, 0.009976246748393995], [0.95011876625803, 0.009976246748393995, 0.009976246748393995, 0.009976246748393995, 0.009976246748393995, 0.009976246748393995], [0.95011876625803, 0.009976246748393995, 0.009976246748393995, 0.009976246748393995, 0.009976246748393995, 0.009976246748393995], [0.95011876625803, 0.009976246748393995, 0.009976246748393995, 0.009976246748393995, 0.009976246748393995, 0.009976246748393995], [0.95011876625803, 0.009976246748393995, 0.009976246748393995, 0.009976246748393995, 0.009976246748393995, 0.009976246748393995], [0.95011876625803, 0.009976246748393995, 0.009976246748393995, 0.009976246748393995, 0.009976246748393995, 0.009976246748393995], [0.95011876625803, 0.009976246748393995, 0.009976246748393995, 0.009976246748393995, 0.009976246748393995, 0.009976246748393995], [0.95011876625803, 0.009976246748393995, 0.009976246748393995, 0.009976246748393995, 0.009976246748393995, 0.009976246748393995], [0.95011876625803, 0.009976246748393995, 0.009976246748393995, 0.009976246748393995, 0.009976246748393995, 0.009976246748393995], [0.95011876625803, 0.009976246748393995, 0.009976246748393995, 0.009976246748393995, 0.009976246748393995, 0.009976246748393995], [0.95011876625803, 0.009976246748393995, 0.009976246748393995, 0.009976246748393995, 0.009976246748393995, 0.009976246748393995], [0.95011876625803, 0.009976246748393995, 0.009976246748393995, 0.009976246748393995, 0.009976246748393995, 0.009976246748393995], [0.95011876625803, 0.009976246748393995, 0.009976246748393995, 0.009976246748393995, 0.009976246748393995, 0.009976246748393995], [0.95011876625803, 0.009976246748393995, 0.009976246748393995, 0.009976246748393995, 0.009976246748393995, 0.009976246748393995], [0.95011876625803, 0.009976246748393995, 0.009976246748393995, 0.009976246748393995, 0.009976246748393995, 0.009976246748393995], [0.95011876625803, 0.009976246748393995, 0.009976246748393995, 0.009976246748393995, 0.009976246748393995, 0.009976246748393995], [0.95011876625803, 0.009976246748393995, 0.009976246748393995, 0.009976246748393995, 0.009976246748393995, 0.009976246748393995], [0.95011876625803, 0.009976246748393995, 0.009976246748393995, 0.009976246748393995, 0.009976246748393995, 0.009976246748393995], [0.95011876625803, 0.009976246748393995, 0.009976246748393995, 0.009976246748393995, 0.009976246748393995, 0.009976246748393995]], [[0.95011876625803, 0.009976246748393995, 0.009976246748393995, 0.009976246748393995, 0.009976246748393995, 0.009976246748393995], [0.6633004958794501, 0.11505501634952318, 0.15930443806628294, 0.01725579855121147, 0.03508524108694589, 0.009999010066586664], [0.09235963280110321, 0.09974637326379261, 0.18913141135237546, 0.0129882518426876, 0.5957753207665684, 0.009999009973472845], [0.6829791355682517, 0.09810895919263289, 0.15353853454534144, 0.01658775306955829, 0.03878660711068289, 0.009999010513533017], [0.7132983591620593, 0.10826124524409289, 0.101193828904517, 0.018185005011609225, 0.04906255134110484, 0.009999010336616746], [0.8161997691208165, 0.062396801268216534, 0.07834542076375436, 0.010425172948141001, 0.02263388862312857, 0.009998947275943276], [0.031070772775766208, 0.04777547927148518, 0.0492506127245209, 0.009997583290589716, 0.8519079686470484, 0.009997583290589716], [0.8499285783807952, 0.06496247888852673, 0.04965246506162759, 0.009997853680544152, 0.0154607703079623, 0.009997853680544152], [0.8841393258620819, 0.053246678946539915, 0.030512874091281703, 0.009997465142954543, 0.012106190814187281, 0.009997465142954543], [0.07685862970114435, 0.09663614145487155, 0.11132579991121111, 0.012488212486931107, 0.6926922988920969, 0.009998917553745018], [0.755127428309592, 0.08203368514995318, 0.11323678833769693, 0.012762040498415894, 0.026841156548602696, 0.009998901155739355], [0.7224882028405787, 0.12465810624967055, 0.08447796929660326, 0.019616873574190282, 0.03875994648283724, 0.009998901556120073], [0.08848993056723796, 0.12339438048675304, 0.08221282389249224, 0.020140739626511115, 0.6757631155745808, 0.009999009852424882], [0.7929370783189285, 0.11063020100408763, 0.04204429258643916, 0.014625355271443586, 0.029764146271787553, 0.00999892654731356], [0.793589371519749, 0.11846135701148167, 0.045381572210007444, 0.014612371057814452, 0.017956401774679786, 0.009998926426267618], [0.059175092128837634, 0.08067389282855648, 0.08115496483543289, 0.011630184470804853, 0.7573669980349196, 0.009998867701448541], [0.95011876625803, 0.009976246748393995, 0.009976246748393995, 0.009976246748393995, 0.009976246748393995, 0.009976246748393995], [0.5912362587227833, 0.1333250721351164, 0.20494621950469175, 0.018299378213647265, 0.04219406183205526, 0.009999009591706208], [0.6586921433146387, 0.13226617264252322, 0.1452572727769751, 0.019394577876751168, 0.03439082337839353, 0.009999010010718372], [0.6068884911852773, 0.11896935815915648, 0.18646751605049053, 0.022115434186527047, 0.05556019092926776, 0.009999009489281016], [0.7087535028163767, 0.10267794358982416, 0.13265579157932775, 0.016886479239310782, 0.029027272317495897, 0.00999901045766472], [0.06183561934818081, 0.07626404006264273, 0.09909452284504436, 0.014235303129921372, 0.7385715853702102, 0.009998929244000566], [0.8065928540364502, 0.06105016636219605, 0.07878653671204684, 0.015909887634258588, 0.027661653764106592, 0.009998901490941814], [0.791027344903501, 0.06910902995668063, 0.07197835623078311, 0.013958956196790832, 0.04392737681085705, 0.009998935901387356], [0.7757689474486861, 0.0740798071408299, 0.09463500501444311, 0.013302080575931753, 0.03221514966040885, 0.009999010159700485], [0.6965818301227216, 0.08656534942120443, 0.1417716643122634, 0.020162023742503428, 0.04492012240921153, 0.009999009992095607], [0.698513067858349, 0.10454694560220203, 0.11088022870757093, 0.01917935844969999, 0.05688138950181894, 0.009999009880359027], [0.6875774532537622, 0.08919568153310227, 0.1415718554365281, 0.0179599883914185, 0.05369601168174615, 0.00999900970344278], [0.7657186942507412, 0.07441608294090843, 0.1036300275413762, 0.01278891304019606, 0.033447272425565916, 0.009999009801212285], [0.7455646832974213, 0.05825752948493475, 0.11578096698047369, 0.013785511450722498, 0.056612406727524094, 0.009998902058923809], [0.04086733645340915, 0.05358728896510473, 0.06942927416978141, 0.011994006147542077, 0.814123175904998, 0.009998918359164716], [0.95011876625803, 0.009976246748393995, 0.009976246748393995, 0.009976246748393995, 0.009976246748393995, 0.009976246748393995], [0.7577918607353311, 0.11771512488253202, 0.0817210798219908, 0.012344948788397803, 0.020427976031059957, 0.009999009740688306], [0.7648624127640651, 0.10599412360125493, 0.0856090469922779, 0.011352963672229764, 0.02218244601358627, 0.00999900695658606], [0.5511162997886814, 0.1135306403490768, 0.2549387346230596, 0.02166148968603991, 0.04875382584038829, 0.009999009712754163], [0.11811691638399054, 0.11936928731437149, 0.1560524866437562, 0.01571172842285377, 0.5807505716433218, 0.009999009591706206], [0.6150619043358067, 0.1105696180808143, 0.21704197980552145, 0.015913115526403766, 0.031414372566633944, 0.00999900968482002], [0.658845681140843, 0.12814106098492073, 0.13935665922828366, 0.014528280683471112, 0.049129307616553444, 0.009999010345928129], [0.04958995746820008, 0.09844092426557223, 0.12363587964602023, 0.010993925880326378, 0.7073404453131105, 0.009998867426770603], [0.95011876625803, 0.009976246748393995, 0.009976246748393995, 0.009976246748393995, 0.009976246748393995, 0.009976246748393995]], [[0.95011876625803, 0.009976246748393995, 0.009976246748393995, 0.009976246748393995, 0.009976246748393995, 0.009976246748393995], [0.6795013725275274, 0.10862425935156267, 0.14731684464080572, 0.018950317509660922, 0.035608195550024056, 0.009999010420419188], [0.38952248990141236, 0.39504879634448586, 0.009996079582535088, 0.025175164233289193, 0.1702613903557423, 0.009996079582535088], [0.1187678408359273, 0.27008462126670985, 0.009996082327783668, 0.0172514546132772, 0.5739039186285183, 0.009996082327783668], [0.08166405172758265, 0.1932789388103047, 0.009996079880324691, 0.015364428974172832, 0.6897004207272903, 0.009996079880324691], [0.7704676867295245, 0.16316119496461795, 0.009996079312663275, 0.012485598041182645, 0.03389336163934838, 0.009996079312663275], [0.055485019457174045, 0.10891575758705495, 0.00999608009436098, 0.014176184534121172, 0.8014308782329278, 0.00999608009436098], [0.06372770539604265, 0.12018373190751452, 0.009996082076523565, 0.017969194896926586, 0.7781272036464691, 0.009996082076523565], [0.7832068058221214, 0.15119062556090207, 0.009996088599984384, 0.018503251378235778, 0.02710714003877193, 0.009996088599984384], [0.6819949625108891, 0.23091954497854647, 0.009996080345620986, 0.018873041449916268, 0.04822029036940633, 0.009996080345620986], [0.06153032993613324, 0.24752640263985365, 0.009996080233949869, 0.018705111264538034, 0.6522459956915754, 0.009996080233949869], [0.6351970324540376, 0.26624319291668275, 0.009996081443720401, 0.028095017879378834, 0.05047259386246001, 0.009996081443720401], [0.6537426754852269, 0.24041758637337682, 0.009996081760121973, 0.02405535476328741, 0.061792219857864816, 0.009996081760121973], [0.7078900521160818, 0.21682049754134228, 0.009996686400286397, 0.011619035569225689, 0.04367704197277741, 0.009996686400286397], [0.7076515814491497, 0.10559175644194342, 0.12779678250303575, 0.01582187479342945, 0.03313907768783195, 0.00999892712460963], [0.95011876625803, 0.009976246748393995, 0.009976246748393995, 0.009976246748393995, 0.009976246748393995, 0.009976246748393995], [0.5872958416046977, 0.11316475361387106, 0.22329672600768427, 0.013402360867472584, 0.052841308035226714, 0.009999009871047645], [0.17637248856196894, 0.2824838521256984, 0.009996079722123965, 0.017319199016188527, 0.5038323008518963, 0.009996079722123965], [0.38835820313908404, 0.4110396195738338, 0.009996080271173574, 0.02378515411289117, 0.15682486263184386, 0.009996080271173574], [0.6497008874200748, 0.26350504010091713, 0.009996080503821734, 0.024238525235512176, 0.042563386235852624, 0.009996080503821734], [0.12993781917590416, 0.21562238159159686, 0.009996080364232838, 0.027355409530969852, 0.6070922289730636, 0.009996080364232838], [0.0929988812548092, 0.20056807615149672, 0.009996079619758791, 0.024130945707109164, 0.6623099376470675, 0.009996079619758791], [0.7532588821696187, 0.16299112359615445, 0.00999608152747376, 0.020222776787094714, 0.04353505439218474, 0.00999608152747376], [0.7107356890265595, 0.17873560953420126, 0.00999608021533802, 0.019822389132947912, 0.07071415187561543, 0.00999608021533802], [0.8258880627665934, 0.12286180886999348, 0.009918319718629732, 0.010236189308370487, 0.021177299617783217, 0.009918319718629732], [0.8194334957566954, 0.12195556266286858, 0.00991831972703694, 0.010137060196074684, 0.028637241930287327, 0.00991831972703694], [0.42241011219659097, 0.2147820836474601, 0.009918319760213096, 0.020553825110482857, 0.32241733952503987, 0.009918319760213096], [0.8060161801418775, 0.12846982525493328, 0.009918319756462188, 0.011590630284975678, 0.034086724805289195, 0.009918319756462188], [0.8250175815721994, 0.1216199802004669, 0.00990266524729158, 0.00990266524729158, 0.023654442485458914, 0.00990266524729158], [0.8422713613734705, 0.10609964987899338, 0.009902907468590672, 0.009902907468590672, 0.021920266341764135, 0.009902907468590672], [0.04820716652925915, 0.092362378636628, 0.024579967514606855, 0.012833470906773569, 0.8120575010727632, 0.009959515339969222], [0.9510489509988094, 0.009790209800238139, 0.009790209800238139, 0.009790209800238139, 0.009790209800238139, 0.009790209800238139], [0.04800476062205623, 0.06807260095335464, 0.0987749369669006, 0.013165038563567944, 0.7620230928321328, 0.00995957006198795], [0.7880821874587584, 0.15435433155621364, 0.00991749171564455, 0.00991749171564455, 0.02781100583809442, 0.00991749171564455], [0.7347347276647067, 0.19363410477794568, 0.009918326469949038, 0.01733699196682494, 0.03445752265062467, 0.009918326469949038], [0.41945868819437165, 0.2676480387772492, 0.009918319723480045, 0.016767014465378635, 0.27628961911604044, 0.009918319723480045], [0.7775698123026876, 0.16619224004656552, 0.009918320304612467, 0.011090339031805752, 0.025310968009716345, 0.009918320304612467], [0.7960246592638229, 0.13954735914861563, 0.009918319933789697, 0.010291036392423679, 0.03430030532755832, 0.009918319933789697], [0.6682897087409844, 0.04733828494376422, 0.05417732831296243, 0.009928015624278407, 0.21033864675373226, 0.009928015624278407], [0.95011876625803, 0.009976246748393995, 0.009976246748393995, 0.009976246748393995, 0.009976246748393995, 0.009976246748393995]], [[0.95011876625803, 0.009976246748393995, 0.009976246748393995, 0.009976246748393995, 0.009976246748393995, 0.009976246748393995], [0.10616542323369961, 0.11665989204813561, 0.12401218759560896, 0.024225397301140483, 0.6189380892147684, 0.009999010606646845], [0.6734583053908917, 0.23056801116722675, 0.009996085073033754, 0.022564480222549102, 0.05341703307326493, 0.009996085073033754], [0.6800560177898746, 0.23688223289586902, 0.009996081350661122, 0.018131472454558293, 0.04493811415837598, 0.009996081350661122], [0.7409775725876957, 0.18446286284020172, 0.009996079656982487, 0.018139339458804974, 0.03642806579933267, 0.009996079656982487], [0.12628958734040763, 0.16568585374203035, 0.009996080773693608, 0.022069833489300004, 0.6659625638808748, 0.009996080773693608], [0.8199870742005958, 0.11927915195311946, 0.00999608021999098, 0.01062092702949321, 0.03012068637680957, 0.00999608021999098], [0.039313476051021486, 0.10100351344608671, 0.009996079982689872, 0.01394132719429848, 0.8257495233432136, 0.009996079982689872], [0.7389934846128084, 0.15886899821631773, 0.009996093280875211, 0.019961931802706244, 0.06218339880641709, 0.009996093280875211], [0.0698466369741888, 0.21445671716030137, 0.009996080717858047, 0.019816208229073897, 0.6758882762007197, 0.009996080717858047], [0.6489473348799318, 0.25160924168469695, 0.009996080382844687, 0.020899714493925338, 0.058551548175756446, 0.009996080382844687], [0.5786933975364527, 0.30608543231983765, 0.00999609555152761, 0.029402450576268276, 0.06582652846438619, 0.00999609555152761], [0.12283500779024266, 0.26122936213783077, 0.05035339831421284, 0.02431711589585554, 0.5312666396953699, 0.009998476166488269], [0.598229792000215, 0.13496052308531223, 0.2047257815193383, 0.0188978438963635, 0.03318704976739426, 0.009999009731376926], [0.95011876625803, 0.009976246748393995, 0.009976246748393995, 0.009976246748393995, 0.009976246748393995, 0.009976246748393995], [0.95011876625803, 0.009976246748393995, 0.009976246748393995, 0.009976246748393995, 0.009976246748393995, 0.009976246748393995], [0.055123176429809045, 0.21675744025006202, 0.025409833666228197, 0.012515015510937866, 0.6801960572603439, 0.009998476882618979], [0.6285633942057073, 0.28558282580033906, 0.00999608040145654, 0.01849666488690365, 0.047364954304136904, 0.00999608040145654], [0.6749829269646774, 0.23785418767168723, 0.009996088534842794, 0.020937865577239204, 0.04623284271671064, 0.009996088534842794], [0.08673004551852073, 0.29026856706375703, 0.00999608201138206, 0.023611539653124018, 0.579397683741834, 0.00999608201138206], [0.11783491797400364, 0.2211539898731518, 0.009996086766714223, 0.024668644661071347, 0.6163502739583449, 0.009996086766714223], [0.703569587510899, 0.2020390112393641, 0.009996079247521807, 0.02120829200448819, 0.05319095075020507, 0.009996079247521807], [0.768330266590493, 0.1370405495458955, 0.00999608074577583, 0.016312477866612874, 0.05832454450544713, 0.00999608074577583], [0.12284708445068569, 0.145971874407375, 0.009996080392150617, 0.016237660456595845, 0.6949512199010424, 0.009996080392150617], [0.6523344677566401, 0.29705383357752757, 0.009918319756268175, 0.010287841714129676, 0.02048721743916647, 0.009918319756268175], [0.2609106279330913, 0.1333498141023781, 0.009918319749542402, 0.013710777533953238, 0.5721921409314927, 0.009918319749542402], [0.07966210779225019, 0.1332955865410431, 0.00991832655428007, 0.016612567084774182, 0.7505930854733723, 0.00991832655428007], [0.8131622331925887, 0.11681161701052949, 0.009918319827147444, 0.013808176219860229, 0.036381333922726675, 0.009918319827147444], [0.8391869934205104, 0.10727893250272648, 0.009918319787633542, 0.011544132784647713, 0.022153301716848327, 0.009918319787633542], [0.6399382371869893, 0.09449585919967042, 0.009918319855602618, 0.20914976677023303, 0.03657949713190215, 0.009918319855602618], [0.8599437761511307, 0.0656377079147455, 0.03701811185625317, 0.011013586592237036, 0.01642724742301998, 0.009959570062613578], [0.9510489509988094, 0.009790209800238139, 0.009790209800238139, 0.009790209800238139, 0.009790209800238139, 0.009790209800238139], [0.7722148590010393, 0.07774159530830295, 0.10060774690678906, 0.010504884986404296, 0.028971343725971287, 0.009959570071493102], [0.06316190869815118, 0.1732609809476085, 0.00991831989602191, 0.012839418288836005, 0.7309010522733604, 0.00991831989602191], [0.7695919350470685, 0.15753820056921314, 0.009918319810915056, 0.012537467520879982, 0.04049575724100819, 0.009918319810915056], [0.7665073220933092, 0.16388653688749594, 0.009918320566852844, 0.01318616371090376, 0.036583336174585354, 0.009918320566852844], [0.7732605174068864, 0.15260397081724308, 0.009918319760859806, 0.014947370602198577, 0.03935150165195226, 0.009918319760859806], [0.804633958623417, 0.14652333790543706, 0.00990275522555462, 0.00990275522555462, 0.019134437794482068, 0.00990275522555462], [0.8292201056904279, 0.04095178033912346, 0.09028235425931135, 0.009922766386573398, 0.01970022693799063, 0.009922766386573398], [0.95011876625803, 0.009976246748393995, 0.009976246748393995, 0.009976246748393995, 0.009976246748393995, 0.009976246748393995]], [[0.95011876625803, 0.009976246748393995, 0.009976246748393995, 0.009976246748393995, 0.009976246748393995, 0.009976246748393995], [0.7155572317590154, 0.10180966439137384, 0.12365175466453089, 0.015064185897659673, 0.03391815368640265, 0.009999009601017586], [0.6918548818659113, 0.22411863884352265, 0.009996081425108546, 0.01675958561886121, 0.047274730821487886, 0.009996081425108546], [0.6838996065100317, 0.21890747349165396, 0.009996081034259573, 0.021266328817735103, 0.05593442911206003, 0.009996081034259573], [0.07665206287248717, 0.14834196031149663, 0.009996079936160245, 0.01523576393827706, 0.7397780530054187, 0.009996079936160245], [0.7888229803946205, 0.14565302855519643, 0.009996079647676563, 0.014198290133544877, 0.03133354162128507, 0.009996079647676563], [0.7513815066362809, 0.16462737580923179, 0.009996080057137277, 0.019736186451393065, 0.04426277098881973, 0.009996080057137277], [0.10685751757802961, 0.14174306503315445, 0.009996080354926912, 0.01764285643603426, 0.713764400242928, 0.009996080354926912], [0.7468509320968819, 0.171951664878168, 0.00999607976865359, 0.022094093641484593, 0.03911114984615843, 0.00999607976865359], [0.6274748530007735, 0.252397156961133, 0.009996079694206187, 0.02321667441396069, 0.07691915623572032, 0.009996079694206187], [0.6068258995547046, 0.2723938437189293, 0.009996080364232836, 0.03845220557135408, 0.06233589042654638, 0.009996080364232836], [0.6506707330227541, 0.2494355821758514, 0.015587838831160494, 0.01803119773788746, 0.05627617207051338, 0.009998476161833074], [0.3843782304290732, 0.08327125968701546, 0.31360195709432537, 0.020690694887468348, 0.18805884808693835, 0.009999009815179356], [0.95011876625803, 0.009976246748393995, 0.009976246748393995, 0.009976246748393995, 0.009976246748393995, 0.009976246748393995], [0.95011876625803, 0.009976246748393995, 0.009976246748393995, 0.009976246748393995, 0.009976246748393995, 0.009976246748393995], [0.12421102123164147, 0.17325966659232986, 0.09157336737434293, 0.03892277369904355, 0.5620341610081213, 0.009999010094520809], [0.709490112061911, 0.150850370064038, 0.009996278979602357, 0.01246009146675683, 0.1072068684480893, 0.009996278979602357], [0.7057265385420833, 0.20608553621488745, 0.009996082485984478, 0.016169271318163626, 0.0520264889528966, 0.009996082485984478], [0.6879856713977429, 0.23190298833845552, 0.009996081834569407, 0.020034360233199325, 0.04008481636146356, 0.009996081834569407], [0.6692173075170826, 0.2423043406281447, 0.009996093783396555, 0.024574517965278018, 0.043911646322701434, 0.009996093783396555], [0.7054489694993437, 0.2136234587136088, 0.00999608014089061, 0.019263234447256153, 0.04167217705801015, 0.00999608014089061], [0.1375573942542745, 0.2107671776531121, 0.009996079387110673, 0.021162750524576245, 0.610520518793816, 0.009996079387110673], [0.6993707527645265, 0.17400071484476373, 0.009996080103666906, 0.02259976187149032, 0.08403661031188552, 0.009996080103666906], [0.7688043113858717, 0.158443965161953, 0.009996079405722521, 0.012235513278150848, 0.04052405136257957, 0.009996079405722521], [0.8442827009201697, 0.09794954072309245, 0.009912467250061101, 0.009912467250061101, 0.02803035660655472, 0.009912467250061101], [0.8566970191356246, 0.08706601157616463, 0.009918319725549513, 0.011044335243834491, 0.025355994593277337, 0.009918319725549513], [0.8096299262035174, 0.11085076272044776, 0.009918321500118298, 0.01469919041651705, 0.04498347765928129, 0.009918321500118298], [0.6348635098191662, 0.10100374385705199, 0.009918319993674915, 0.011552975517724396, 0.23274313081870773, 0.009918319993674915], [0.6448154072768113, 0.2946999611676702, 0.009918317979126798, 0.01238841252900904, 0.0282595830682558, 0.009918317979126798], [0.8258948907174167, 0.10811202320197433, 0.009918319711451266, 0.012556651571273645, 0.033599795086432946, 0.009918319711451266], [0.09827345319019065, 0.06991048341346576, 0.0722102018040261, 0.009939421206020751, 0.7397270191802761, 0.009939421206020751], [0.9510489509988094, 0.009790209800238139, 0.009790209800238139, 0.009790209800238139, 0.009790209800238139, 0.009790209800238139], [0.4091653415495466, 0.11162112820353934, 0.09009074915376626, 0.017280162947857912, 0.3618830480844873, 0.00995957006080255], [0.5908190186905471, 0.1281513401332093, 0.00991831984596666, 0.2100577279789397, 0.05113527350537071, 0.00991831984596666], [0.7866156464089186, 0.14349572710408487, 0.009918328042617506, 0.017581814338029272, 0.03247015606373223, 0.009918328042617506], [0.5778794094331894, 0.14420536029883613, 0.009918319901842288, 0.014877290021223575, 0.24320130044306643, 0.009918319901842288], [0.8287606661596038, 0.11980579469861609, 0.00991526041971441, 0.00991526041971441, 0.021687757882636955, 0.00991526041971441], [0.054353329129067096, 0.11232725437413452, 0.009914296963409714, 0.009914296963409714, 0.8035765256065692, 0.009914296963409714], [0.23337857714694435, 0.043426596710880214, 0.0598037960710682, 0.00993300555513563, 0.6435250189608359, 0.00993300555513563], [0.95011876625803, 0.009976246748393995, 0.009976246748393995, 0.009976246748393995, 0.009976246748393995, 0.009976246748393995]], [[0.95011876625803, 0.009976246748393995, 0.009976246748393995, 0.009976246748393995, 0.009976246748393995, 0.009976246748393995], [0.7014147031202039, 0.08559167870624261, 0.14095392104077384, 0.017170774430032617, 0.04486991298068131, 0.009999009722065542], [0.6700262261399988, 0.23102249017800278, 0.009996080624798778, 0.015302612201438356, 0.06365651023096244, 0.009996080624798778], [0.6844504245246636, 0.22838807747575154, 0.009996080317703207, 0.019908704804928404, 0.04726063255925005, 0.009996080317703207], [0.1327736688390205, 0.21334986390287605, 0.009996080085055056, 0.025351657409928244, 0.6085326496780652, 0.009996080085055056], [0.10489665506163005, 0.17896545440629233, 0.009996093783396557, 0.021612246714911864, 0.6745334562503728, 0.009996093783396557], [0.7433273023574604, 0.1779324956665096, 0.009996079973383946, 0.017944668361365924, 0.04080337366789614, 0.009996079973383946], [0.7240002956425191, 0.17674132579170274, 0.009996081397190762, 0.021763617802217083, 0.05750259796917962, 0.009996081397190762], [0.7350471749475165, 0.16071184156290685, 0.009996079591841013, 0.01753222173763209, 0.06671660256826249, 0.009996079591841013], [0.6892234584137237, 0.21446916324661114, 0.009996079898936545, 0.023532922517708686, 0.05278229602408353, 0.009996079898936545], [0.056080759353969785, 0.1420861522262275, 0.00991831991962678, 0.00992848894617912, 0.7720679596343701, 0.00991831991962678], [0.7491329180331632, 0.09352203223624043, 0.10542404678927804, 0.01188239218121307, 0.030079040694868615, 0.009959570065236824], [0.9510489509988094, 0.009790209800238139, 0.009790209800238139, 0.009790209800238139, 0.009790209800238139, 0.009790209800238139], [0.9510489509988094, 0.009790209800238139, 0.009790209800238139, 0.009790209800238139, 0.009790209800238139, 0.009790209800238139], [0.8332393397869264, 0.0669105899244072, 0.06823247513441934, 0.009931404296615862, 0.011754786561015276, 0.009931404296615862], [0.9047102612654394, 0.03528156146223281, 0.024664144653639374, 0.00992010823793911, 0.015503816142810236, 0.00992010823793911], [0.10373058959293141, 0.22878451606439065, 0.009996080299091353, 0.014069143323463946, 0.6334235904210314, 0.009996080299091353], [0.7222116211800088, 0.21119956197367448, 0.009996080568963218, 0.016753794918072336, 0.029842860790317893, 0.009996080568963218], [0.7349130418475311, 0.18301987950346116, 0.009996079591841015, 0.016658116560854745, 0.045416802904471, 0.009996079591841015], [0.7020226885410592, 0.22708671396967306, 0.009996079610452865, 0.021108356711090914, 0.029790081557271232, 0.009996079610452865], [0.6676098632420844, 0.2255103337289923, 0.009996079433640294, 0.016994624704297735, 0.06989301945734495, 0.009996079433640294], [0.6628599884110624, 0.2175532832239855, 0.009996080196726166, 0.02009373009873257, 0.0795008378727672, 0.009996080196726166], [0.7136071012008927, 0.19357154907829802, 0.009996079656982487, 0.019719332771138777, 0.05310985763570556, 0.009996079656982487], [0.10815078694096149, 0.16972754150732208, 0.009996079582535088, 0.015610365133692874, 0.6865191472529533, 0.009996079582535088], [0.0556712775462491, 0.0951217266617212, 0.009899068354019306, 0.010074798644414, 0.819334060439577, 0.009899068354019306], [0.618294929381536, 0.3035681698005187, 0.009918319738483684, 0.012347366070403914, 0.04595289527057411, 0.009918319738483684], [0.820437521638047, 0.1148234718508523, 0.009918321576171245, 0.014339956628239727, 0.030562406730518493, 0.009918321576171245], [0.8215926392359318, 0.10504147865117897, 0.009918320776321812, 0.0144481349717032, 0.039081105588542366, 0.009918320776321812], [0.6710687275950837, 0.2738957000476557, 0.009918317607722136, 0.010671332153517933, 0.024527604988298576, 0.009918317607722136], [0.8851132530355063, 0.067331559024146, 0.009879774535548442, 0.009879774535548442, 0.017915864333702434, 0.009879774535548442], [0.8784661688219977, 0.04257337877413253, 0.042919104683593744, 0.009926808217256583, 0.01618773128576305, 0.009926808217256583], [0.9510489509988094, 0.009790209800238139, 0.009790209800238139, 0.009790209800238139, 0.009790209800238139, 0.009790209800238139], [0.05639313039363962, 0.07389161180763057, 0.10109927905625304, 0.009958588087098234, 0.7486988025682804, 0.009958588087098234], [0.8173472315860575, 0.12153399989491191, 0.009915189451624767, 0.009915189451624767, 0.03137320016415619, 0.009915189451624767], [0.8117956858076442, 0.10598300685940172, 0.009918320129871754, 0.016247523305979297, 0.04613714376723126, 0.009918320129871754], [0.6301257429981074, 0.3035105551457083, 0.009918319893629091, 0.012413013333005993, 0.034114048735920055, 0.009918319893629091], [0.8306930721192958, 0.11216592045847235, 0.009918319918010005, 0.012489473105736315, 0.024814894480475646, 0.009918319918010005], [0.6504237094836718, 0.09989662474090838, 0.009918320008419867, 0.010065716915157629, 0.21977730884342248, 0.009918320008419867], [0.8493575702254554, 0.04589681877722674, 0.06879016886546693, 0.009949511438915292, 0.016056419254020345, 0.009949511438915292], [0.95011876625803, 0.009976246748393995, 0.009976246748393995, 0.009976246748393995, 0.009976246748393995, 0.009976246748393995]], [[0.95011876625803, 0.009976246748393995, 0.009976246748393995, 0.009976246748393995, 0.009976246748393995, 0.009976246748393995], [0.6803426733999796, 0.09055013377062122, 0.1531853895411765, 0.016091816944704445, 0.04983097630486573, 0.009999010038652516], [0.45022751624619267, 0.30598164995598587, 0.009996079917548396, 0.030193743854448316, 0.19360493010827645, 0.009996079917548396], [0.6513048159888442, 0.24109629188238182, 0.009996092899331262, 0.020753264678447365, 0.06685344165166414, 0.009996092899331262], [0.1327688616374387, 0.1687715328901284, 0.009996079824489142, 0.019633972852298297, 0.6588334729711564, 0.009996079824489142], [0.6955848840665322, 0.2186237849848164, 0.009996079912895433, 0.015191063339781591, 0.050608107783079066, 0.009996079912895433], [0.6876497153540592, 0.21431993663453935, 0.00999608342588352, 0.020523223953279806, 0.05751495720635464, 0.00999608342588352], [0.7010957806437923, 0.21063546644326625, 0.009996080215338017, 0.019313952037816533, 0.04896264044444882, 0.009996080215338017], [0.6820104574458179, 0.202899711468308, 0.009996079647676563, 0.01793744633962239, 0.07716022545089848, 0.009996079647676563], [0.6988842609647816, 0.16220694636400185, 0.009996081229684055, 0.018411519253706533, 0.1005051109581419, 0.009996081229684055], [0.7925813752774591, 0.10803474363325925, 0.00991838326604959, 0.010752259744352325, 0.06879485481283024, 0.00991838326604959], [0.4676502196362668, 0.10772491598266642, 0.037961123232785325, 0.0287459924618225, 0.3479581783976315, 0.009959570288827432], [0.9510489509988094, 0.009790209800238139, 0.009790209800238139, 0.009790209800238139, 0.009790209800238139, 0.009790209800238139], [0.9510489509988094, 0.009790209800238139, 0.009790209800238139, 0.009790209800238139, 0.009790209800238139, 0.009790209800238139], [0.9512761020432633, 0.009744779591347364, 0.009744779591347364, 0.009744779591347364, 0.009744779591347364, 0.009744779591347364], [0.9512761020432633, 0.009744779591347364, 0.009744779591347364, 0.009744779591347364, 0.009744779591347364, 0.009744779591347364], [0.8804631687950814, 0.0382330661077403, 0.043973917140296456, 0.009923811947213751, 0.01748222406245439, 0.009923811947213751], [0.8573330401398228, 0.08772637404391408, 0.009918678524477316, 0.010890028703050647, 0.024213200064257763, 0.009918678524477316], [0.8061078515635909, 0.13809275384073572, 0.00991246050606359, 0.00991246050606359, 0.02606201307748258, 0.00991246050606359], [0.07004744596889807, 0.10046800719183405, 0.009885878411097518, 0.009885878411097518, 0.7998269116059753, 0.009885878411097518], [0.8499621850134563, 0.1019044617455317, 0.009885363181652337, 0.010231584937193476, 0.018131041940513834, 0.009885363181652337], [0.7795111380019842, 0.11176465885267954, 0.009875109028565381, 0.012868293289933467, 0.07610569179827195, 0.009875109028565381], [0.7343850611453037, 0.203452911291305, 0.009857450024262896, 0.009857450024262896, 0.03258967749060264, 0.009857450024262896], [0.7637066622736768, 0.05875547119548844, 0.009844803591272185, 0.009844803591272185, 0.14800345575701804, 0.009844803591272185], [0.1521161307567008, 0.057501574334820206, 0.009824980576089267, 0.009824980576089267, 0.7609073531802113, 0.009824980576089267], [0.53146365343878, 0.08475898675313961, 0.009848309542721317, 0.009848309542721317, 0.35423243117991643, 0.009848309542721317], [0.805798400202148, 0.050235881882344964, 0.00982481511519936, 0.00982481511519936, 0.11449127256990897, 0.00982481511519936], [0.7094858543521602, 0.04893334798606917, 0.00981812735229784, 0.00981812735229784, 0.2121264156048772, 0.00981812735229784], [0.7064630616426647, 0.24089572224113762, 0.009837419267110799, 0.009837419267110799, 0.02312895831486518, 0.009837419267110799], [0.8153503177460787, 0.03627149113152491, 0.00980920527150709, 0.00980920527150709, 0.11895057530787498, 0.00980920527150709], [0.13565237856269202, 0.0206610562119164, 0.033847205700625244, 0.009889793723831943, 0.7900597720771025, 0.009889793723831943], [0.9516500383396712, 0.00966999233206575, 0.00966999233206575, 0.00966999233206575, 0.00966999233206575, 0.00966999233206575], [0.7988164333444552, 0.024783330140378344, 0.03207784176258747, 0.009874463953341043, 0.12457346684589704, 0.009874463953341043], [0.9069346777789203, 0.0462582332472726, 0.009818980368034117, 0.009818980368034117, 0.017350147869704614, 0.009818980368034117], [0.797627346523173, 0.040191242288692836, 0.009838206360902508, 0.009838206360902508, 0.13266679210542656, 0.009838206360902508], [0.8853311578838587, 0.06537156256816426, 0.00986999870804748, 0.00986999870804748, 0.019687283423834478, 0.00986999870804748], [0.8522565701955368, 0.0938495036727355, 0.009896015161407111, 0.009896015161407111, 0.024205880647506492, 0.009896015161407111], [0.8799762220101793, 0.06840386785913835, 0.009873319968861772, 0.009873319968861772, 0.021999950224097037, 0.009873319968861772], [0.9079225198174546, 0.027614984631057445, 0.03481415878493553, 0.00988277892218411, 0.00988277892218411, 0.00988277892218411], [0.95011876625803, 0.009976246748393995, 0.009976246748393995, 0.009976246748393995, 0.009976246748393995, 0.009976246748393995]], [[0.95011876625803, 0.009976246748393995, 0.009976246748393995, 0.009976246748393995, 0.009976246748393995, 0.009976246748393995], [0.7379992626764176, 0.07150060107461181, 0.12926559066661586, 0.014009147217760167, 0.03722638836318748, 0.009999010001406988], [0.7022781819503939, 0.21231934414201684, 0.009996085873344234, 0.016375534485650923, 0.04903476767524985, 0.009996085873344234], [0.6916072395829865, 0.19735177873926077, 0.009996080019913575, 0.019290764301823488, 0.07175805733610188, 0.009996080019913575], [0.7115562563612045, 0.18956669207754795, 0.009996081453026329, 0.019035877179047447, 0.05984901147614744, 0.009996081453026329], [0.15045495620327107, 0.2346229683867682, 0.009996079833795066, 0.02375469475256735, 0.5711752209898032, 0.009996079833795066], [0.3706169559794263, 0.3589330668981358, 0.00999607954531139, 0.03198514293962599, 0.21847267509218915, 0.00999607954531139], [0.6944571234522039, 0.21932242845919592, 0.009996080085055054, 0.017943970469378973, 0.048284317449111144, 0.009996080085055054], [0.11344571748517052, 0.2011944043751481, 0.009996080196726168, 0.026272741728297695, 0.6390949760179314, 0.009996080196726168], [0.2938154314066828, 0.13956704021091978, 0.009996080019913577, 0.019015304755941872, 0.5276100635866284, 0.009996080019913577], [0.8443722599373614, 0.08662858456923413, 0.009918322940921185, 0.012503761288392569, 0.036658748323169524, 0.009918322940921185], [0.3323370711153664, 0.12156519275989522, 0.009918711942431777, 0.014400716092923713, 0.5118595961469512, 0.009918711942431777], [0.052063041229584425, 0.04309327975894511, 0.03747093582161908, 0.012066421011492526, 0.8453468034279207, 0.00995951875043816], [0.8338887799344626, 0.06140379990762095, 0.06907191584732836, 0.009935408754549851, 0.015764686801488396, 0.009935408754549851], [0.9512761020432633, 0.009744779591347364, 0.009744779591347364, 0.009744779591347364, 0.009744779591347364, 0.009744779591347364], [0.9512761020432633, 0.009744779591347364, 0.009744779591347364, 0.009744779591347364, 0.009744779591347364, 0.009744779591347364], [0.9510489509988094, 0.009790209800238139, 0.009790209800238139, 0.009790209800238139, 0.009790209800238139, 0.009790209800238139], [0.31255650921227573, 0.0540616116331481, 0.00989681838974415, 0.00989681838974415, 0.6036914239853438, 0.00989681838974415], [0.8344223969926031, 0.10308616373175822, 0.009918320115902856, 0.01087769539637714, 0.03177710364745593, 0.009918320115902856], [0.5733488972818079, 0.14780054898944528, 0.00989906846022293, 0.013196084901885381, 0.2458563319064155, 0.00989906846022293], [0.8610976094274908, 0.08584985231704274, 0.009871011104999541, 0.009871011104999541, 0.02343950494046772, 0.009871011104999541], [0.8731407678382496, 0.07483023480097431, 0.009857851887919957, 0.009857851887919957, 0.02245544169701618, 0.009857851887919957], [0.6194003735070039, 0.19612104438513234, 0.009867360219316581, 0.009867360219316581, 0.15487650144991402, 0.009867360219316581], [0.18705479471248126, 0.06509361475830366, 0.009848791113455805, 0.009848791113455805, 0.7183052171888475, 0.009848791113455805], [0.1421101065970639, 0.05474107952430231, 0.009837529408132565, 0.009837529408132565, 0.7736362256542361, 0.009837529408132565], [0.14588723696275036, 0.15250512220510587, 0.00983651206069834, 0.00983651206069834, 0.6720981046500487, 0.00983651206069834], [0.707519089893101, 0.14989086299136295, 0.009829007690860274, 0.009829007690860274, 0.1131030240429552, 0.009829007690860274], [0.8141119703682289, 0.04337107949815811, 0.009860789191686085, 0.10410729794694319, 0.01868807380329767, 0.009860789191686085], [0.8110870217262691, 0.1456584169517281, 0.009809698939721955, 0.009809698939721955, 0.013825464502836969, 0.009809698939721955], [0.14144713650824778, 0.04231