{"prediction": [[[0.95011876625803, 0.009976246748393995, 0.009976246748393995, 0.009976246748393995, 0.009976246748393995, 0.009976246748393995], [0.95011876625803, 0.009976246748393995, 0.009976246748393995, 0.009976246748393995, 0.009976246748393995, 0.009976246748393995], [0.95011876625803, 0.009976246748393995, 0.009976246748393995, 0.009976246748393995, 0.009976246748393995, 0.009976246748393995], [0.95011876625803, 0.009976246748393995, 0.009976246748393995, 0.009976246748393995, 0.009976246748393995, 0.009976246748393995], [0.95011876625803, 0.009976246748393995, 0.009976246748393995, 0.009976246748393995, 0.009976246748393995, 0.009976246748393995], [0.95011876625803, 0.009976246748393995, 0.009976246748393995, 0.009976246748393995, 0.009976246748393995, 0.009976246748393995], [0.95011876625803, 0.009976246748393995, 0.009976246748393995, 0.009976246748393995, 0.009976246748393995, 0.009976246748393995], [0.95011876625803, 0.009976246748393995, 0.009976246748393995, 0.009976246748393995, 0.009976246748393995, 0.009976246748393995], [0.95011876625803, 0.009976246748393995, 0.009976246748393995, 0.009976246748393995, 0.009976246748393995, 0.009976246748393995], [0.95011876625803, 0.009976246748393995, 0.009976246748393995, 0.009976246748393995, 0.009976246748393995, 0.009976246748393995], [0.95011876625803, 0.009976246748393995, 0.009976246748393995, 0.009976246748393995, 0.009976246748393995, 0.009976246748393995], [0.95011876625803, 0.009976246748393995, 0.009976246748393995, 0.009976246748393995, 0.009976246748393995, 0.009976246748393995], [0.95011876625803, 0.009976246748393995, 0.009976246748393995, 0.009976246748393995, 0.009976246748393995, 0.009976246748393995], [0.95011876625803, 0.009976246748393995, 0.009976246748393995, 0.009976246748393995, 0.009976246748393995, 0.009976246748393995], [0.95011876625803, 0.009976246748393995, 0.009976246748393995, 0.009976246748393995, 0.009976246748393995, 0.009976246748393995], [0.95011876625803, 0.009976246748393995, 0.009976246748393995, 0.009976246748393995, 0.009976246748393995, 0.009976246748393995], [0.95011876625803, 0.009976246748393995, 0.009976246748393995, 0.009976246748393995, 0.009976246748393995, 0.009976246748393995], [0.95011876625803, 0.009976246748393995, 0.009976246748393995, 0.009976246748393995, 0.009976246748393995, 0.009976246748393995], [0.95011876625803, 0.009976246748393995, 0.009976246748393995, 0.009976246748393995, 0.009976246748393995, 0.009976246748393995], [0.95011876625803, 0.009976246748393995, 0.009976246748393995, 0.009976246748393995, 0.009976246748393995, 0.009976246748393995], [0.95011876625803, 0.009976246748393995, 0.009976246748393995, 0.009976246748393995, 0.009976246748393995, 0.009976246748393995], [0.95011876625803, 0.009976246748393995, 0.009976246748393995, 0.009976246748393995, 0.009976246748393995, 0.009976246748393995], [0.95011876625803, 0.009976246748393995, 0.009976246748393995, 0.009976246748393995, 0.009976246748393995, 0.009976246748393995], [0.95011876625803, 0.009976246748393995, 0.009976246748393995, 0.009976246748393995, 0.009976246748393995, 0.009976246748393995], [0.95011876625803, 0.009976246748393995, 0.009976246748393995, 0.009976246748393995, 0.009976246748393995, 0.009976246748393995], [0.95011876625803, 0.009976246748393995, 0.009976246748393995, 0.009976246748393995, 0.009976246748393995, 0.009976246748393995], [0.95011876625803, 0.009976246748393995, 0.009976246748393995, 0.009976246748393995, 0.009976246748393995, 0.009976246748393995], [0.95011876625803, 0.009976246748393995, 0.009976246748393995, 0.009976246748393995, 0.009976246748393995, 0.009976246748393995], [0.95011876625803, 0.009976246748393995, 0.009976246748393995, 0.009976246748393995, 0.009976246748393995, 0.009976246748393995], [0.95011876625803, 0.009976246748393995, 0.009976246748393995, 0.009976246748393995, 0.009976246748393995, 0.009976246748393995], [0.95011876625803, 0.009976246748393995, 0.009976246748393995, 0.009976246748393995, 0.009976246748393995, 0.009976246748393995], [0.95011876625803, 0.009976246748393995, 0.009976246748393995, 0.009976246748393995, 0.009976246748393995, 0.009976246748393995], [0.95011876625803, 0.009976246748393995, 0.009976246748393995, 0.009976246748393995, 0.009976246748393995, 0.009976246748393995], [0.95011876625803, 0.009976246748393995, 0.009976246748393995, 0.009976246748393995, 0.009976246748393995, 0.009976246748393995], [0.95011876625803, 0.009976246748393995, 0.009976246748393995, 0.009976246748393995, 0.009976246748393995, 0.009976246748393995], [0.95011876625803, 0.009976246748393995, 0.009976246748393995, 0.009976246748393995, 0.009976246748393995, 0.009976246748393995], [0.95011876625803, 0.009976246748393995, 0.009976246748393995, 0.009976246748393995, 0.009976246748393995, 0.009976246748393995], [0.95011876625803, 0.009976246748393995, 0.009976246748393995, 0.009976246748393995, 0.009976246748393995, 0.009976246748393995], [0.95011876625803, 0.009976246748393995, 0.009976246748393995, 0.009976246748393995, 0.009976246748393995, 0.009976246748393995], [0.95011876625803, 0.009976246748393995, 0.009976246748393995, 0.009976246748393995, 0.009976246748393995, 0.009976246748393995]], [[0.95011876625803, 0.009976246748393995, 0.009976246748393995, 0.009976246748393995, 0.009976246748393995, 0.009976246748393995], [0.8354232467747061, 0.0658852549392033, 0.057129210228527454, 0.009997387203975536, 0.021567513649612034, 0.009997387203975536], [0.03668131045350026, 0.09146815810225005, 0.08384288242719208, 0.010807104310873755, 0.7672016272129618, 0.009998917493222155], [0.06657652123286883, 0.07104439990551299, 0.12148473636635805, 0.010735441520817584, 0.7201599714836943, 0.009998929490748204], [0.7103086040152066, 0.09905006672803789, 0.12667492596998547, 0.014637103804487149, 0.0393302897602173, 0.009999009722065542], [0.7694510624483296, 0.08941940568782741, 0.07339115552603094, 0.013555065502147884, 0.04418440920505473, 0.009998901630609512], [0.051114983072755193, 0.06353004751325747, 0.08199138367184174, 0.01125127682792989, 0.7821134412593227, 0.009998867654892957], [0.7910690838489643, 0.06963861960084211, 0.08289076215578209, 0.01686141149706733, 0.029541196433831542, 0.009998926463512523], [0.7590422569847616, 0.08722907358661387, 0.09195911052953526, 0.014064681828456839, 0.03770594996464515, 0.009998927105987175], [0.7367251071759826, 0.08841268653254995, 0.12727276382064326, 0.014485689799513406, 0.023104742949245236, 0.009999009722065542], [0.05265969430151713, 0.0748779239292438, 0.12331813637527571, 0.011682986721976285, 0.7274623297073234, 0.009998928964663631], [0.7920135705356911, 0.06125093298559755, 0.09580100261416506, 0.014441564483816238, 0.02649402801083366, 0.009998901369896479], [0.8107016806864655, 0.06255178500980864, 0.07826210900243032, 0.012674579918942391, 0.025810909695124392, 0.009998935687228754], [0.806145254197065, 0.0775887994654851, 0.0575340452189626, 0.020161077633623542, 0.0285723652625388, 0.009998458222324974], [0.7721556345196082, 0.10014649462497648, 0.08037370018889439, 0.01699322906166992, 0.02033204022564341, 0.009998901379207658], [0.05444797994707364, 0.08254445652061179, 0.09442168593359178, 0.015087642259974107, 0.7434993661931741, 0.009998869145574506], [0.050046142147190664, 0.07835418388418268, 0.12056264561307847, 0.014371802545327057, 0.7266663566460243, 0.009998869164196745], [0.713690353854633, 0.0944973744167019, 0.1299941136603925, 0.01359140565313961, 0.03822774272100155, 0.009999009694131398], [0.6646711972251548, 0.09312911106805775, 0.17621742742205745, 0.015046259748810164, 0.040936994622970915, 0.009999009912948862], [0.6818707738840125, 0.10174140849269435, 0.13164031442322302, 0.021263815922760606, 0.05348467735970498, 0.009999009917604553], [0.08721713449397123, 0.10102691206712001, 0.1295335927738348, 0.01776914224927778, 0.6544542084423233, 0.009999009973472844], [0.759784040684316, 0.08214556553154774, 0.10049878168786507, 0.014639407661630802, 0.03293319430287409, 0.009999010131766337], [0.061432537278846705, 0.048647096350935295, 0.08260530450640327, 0.010948373154639778, 0.7863677702056866, 0.009998918503488491], [0.8119311338564142, 0.06214533531426389, 0.07081210101261745, 0.01265924504818199, 0.032453257792892314, 0.009998926975629993], [0.7953169095531705, 0.06302126777944056, 0.09341600087743346, 0.011419778615550154, 0.026827107938771945, 0.009998935235633468], [0.7504465340580119, 0.07122637430946727, 0.11852018762361652, 0.013578510990719833, 0.036229456707102405, 0.009998936311082101], [0.6905776375707328, 0.08733371497615651, 0.1486946994880009, 0.015718049123001916, 0.0476768891107312, 0.009999009731376926], [0.6753276459198009, 0.09741513442096776, 0.16411676452789506, 0.019988029456151177, 0.033153416157970066, 0.00999900951721516], [0.7127727480912599, 0.11389393491881393, 0.10771994562375682, 0.018650513146627287, 0.03696384862783586, 0.009999009591706206], [0.05414357184795754, 0.07671726624189668, 0.11028515444426953, 0.015223836719820869, 0.7336313026256065, 0.009998868120448815], [0.95011876625803, 0.009976246748393995, 0.009976246748393995, 0.009976246748393995, 0.009976246748393995, 0.009976246748393995], [0.95011876625803, 0.009976246748393995, 0.009976246748393995, 0.009976246748393995, 0.009976246748393995, 0.009976246748393995], [0.95011876625803, 0.009976246748393995, 0.009976246748393995, 0.009976246748393995, 0.009976246748393995, 0.009976246748393995], [0.95011876625803, 0.009976246748393995, 0.009976246748393995, 0.009976246748393995, 0.009976246748393995, 0.009976246748393995], [0.95011876625803, 0.009976246748393995, 0.009976246748393995, 0.009976246748393995, 0.009976246748393995, 0.009976246748393995], [0.95011876625803, 0.009976246748393995, 0.009976246748393995, 0.009976246748393995, 0.009976246748393995, 0.009976246748393995], [0.7388639815098895, 0.07191499165405289, 0.1018953915658091, 0.013158678415845592, 0.06416802107406179, 0.009998935780341188], [0.715168077053972, 0.0811907397789307, 0.1499813621318129, 0.010787375948698429, 0.03287350898966249, 0.009998936096923481], [0.7114623823068406, 0.09973132319242564, 0.14420971438970795, 0.011084389574831316, 0.02351373268628369, 0.009998457849910821], [0.95011876625803, 0.009976246748393995, 0.009976246748393995, 0.009976246748393995, 0.009976246748393995, 0.009976246748393995]], [[0.95011876625803, 0.009976246748393995, 0.009976246748393995, 0.009976246748393995, 0.009976246748393995, 0.009976246748393995], [0.8284074719515938, 0.07460378546533841, 0.05982885408005537, 0.012652444099477873, 0.014508517609473349, 0.009998926794061065], [0.7761272232990767, 0.17275887322071287, 0.009995958746561884, 0.01055355355217573, 0.020568432434911056, 0.009995958746561884], [0.7303450846176376, 0.19628046023607515, 0.009996080466598025, 0.015057589391688189, 0.03832470482140299, 0.009996080466598025], [0.10223398325086878, 0.21113860015127991, 0.009996080373538763, 0.015969446732583995, 0.6506658091181898, 0.009996080373538763], [0.7545012994671572, 0.17394230172476488, 0.009996083891180143, 0.015300540417978471, 0.036263690607739194, 0.009996083891180143], [0.7332052764134948, 0.18387942474967012, 0.009996080364232836, 0.01600440727768696, 0.04691873083068242, 0.009996080364232836], [0.7504173931363255, 0.1658498641929853, 0.009996079675594337, 0.01455841138645673, 0.049182171933043764, 0.009996079675594337], [0.7106939947181995, 0.20866034757097263, 0.00999607997338395, 0.015697211731380833, 0.04495628603267929, 0.00999607997338395], [0.07877000288638035, 0.1972944341902868, 0.009996079889630617, 0.019463523239799312, 0.6844798799042722, 0.009996079889630617], [0.07025881145132074, 0.2099178241041277, 0.009996083844650479, 0.022188298419620164, 0.6776428983356304, 0.009996083844650479], [0.7538932846143238, 0.17436555000257198, 0.009996086245581709, 0.015353181036018758, 0.036395811855922035, 0.009996086245581709], [0.7780491538626867, 0.16163004807748632, 0.009996076324335983, 0.012036188149533411, 0.028292457261621617, 0.009996076324335983], [0.7554772048495979, 0.17348710944702206, 0.009996079554617314, 0.016049266028306215, 0.03499426056583911, 0.009996079554617314], [0.7187490848755101, 0.20591658396659146, 0.009996081341355191, 0.017362678936508807, 0.037979489538679176, 0.009996081341355191], [0.0965113397135935, 0.26169108609872854, 0.009996082076523565, 0.023616453012166683, 0.5981889570224641, 0.009996082076523565], [0.08617867608078465, 0.26152941063610863, 0.009996080131584685, 0.021327783931446166, 0.6109719690884913, 0.009996080131584685], [0.6792701674055265, 0.23894966596512612, 0.009996079666288413, 0.017382440334979918, 0.04440556696179068, 0.009996079666288413], [0.6854261966589555, 0.21482707624484554, 0.009996079889630617, 0.01509762811770865, 0.06465693919922906, 0.009996079889630617], [0.41140967645938464, 0.3585657735685697, 0.009996079833795066, 0.027198325276487596, 0.18283406502796795, 0.009996079833795066], [0.6359366444783255, 0.2684288447006253, 0.009996079871018767, 0.01697949720062134, 0.05866285387839032, 0.009996079871018767], [0.10918769942843747, 0.16349374585772622, 0.009996086478230148, 0.018265228949283372, 0.6890611528080928, 0.009996086478230148], [0.7591363957482395, 0.16782488912642404, 0.009996079950119132, 0.014742007834978178, 0.03830454739011996, 0.009996079950119132], [0.7462773048218008, 0.17067922793500068, 0.009996079489475842, 0.017885408433900317, 0.045165899830346586, 0.009996079489475842], [0.770659471484666, 0.1738866095183859, 0.009996079991995798, 0.011041551405008978, 0.024420207607947518, 0.009996079991995798], [0.69843199292041, 0.23919580540476384, 0.009996034839848773, 0.012331742850193016, 0.030048389144935708, 0.009996034839848773], [0.6426660806225962, 0.28553008735055774, 0.009996080122278758, 0.017729986309231137, 0.0340816854730573, 0.009996080122278758], [0.6262391721945241, 0.29464688778480186, 0.009996079940813207, 0.01620378003253666, 0.042918000106510985, 0.009996079940813207], [0.6929410575937872, 0.24342766546653397, 0.009996018498817769, 0.01366844176471638, 0.02997079817732687, 0.009996018498817769], [0.7283592211109945, 0.2081589415566533, 0.009996687219307278, 0.013737626020106511, 0.029750836873631163, 0.009996687219307278], [0.7933323138691705, 0.113849903772321, 0.027058218667193226, 0.014240159269459986, 0.04152060819419428, 0.009998796227661026], [0.1410907797925063, 0.08153603980976977, 0.024399590709066686, 0.018124202612271278, 0.7248510446386521, 0.009998342437733756], [0.7555579734445994, 0.08739037039042309, 0.06815190713590248, 0.025257358099118783, 0.053643464494377326, 0.009998926435578846], [0.6346103292720218, 0.11600075149152927, 0.09519996324599928, 0.02219161037656031, 0.12199833551936869, 0.00999901009452081], [0.750967042404147, 0.09173155780789927, 0.09628880592308266, 0.021080902147827405, 0.0299326820415352, 0.009999009675508638], [0.95011876625803, 0.009976246748393995, 0.009976246748393995, 0.009976246748393995, 0.009976246748393995, 0.009976246748393995], [0.6692311137991517, 0.19051429005226606, 0.04832017791217192, 0.03164262883876192, 0.05029286285033495, 0.009998926547313563], [0.6103304549480213, 0.33178897590501244, 0.009996106448812284, 0.01853999762191279, 0.019348358627428872, 0.009996106448812284], [0.7377883841759486, 0.10671648944721188, 0.10938266867354862, 0.014287176329402865, 0.02182635473346212, 0.009998926640425825], [0.95011876625803, 0.009976246748393995, 0.009976246748393995, 0.009976246748393995, 0.009976246748393995, 0.009976246748393995]], [[0.95011876625803, 0.009976246748393995, 0.009976246748393995, 0.009976246748393995, 0.009976246748393995, 0.009976246748393995], [0.7959214025482606, 0.06503022696148929, 0.10216172649241223, 0.009997712199176991, 0.0168912195994838, 0.009997712199176991], [0.7132672288999101, 0.21443245040629674, 0.009996082174235829, 0.013862900358514934, 0.03844525598680662, 0.009996082174235829], [0.1006886223912639, 0.2248968491323449, 0.009996081857834228, 0.016243456663948885, 0.6381789080967738, 0.009996081857834228], [0.11100659391045353, 0.260532552068051, 0.009996080187420238, 0.019921010689915874, 0.5885476829567391, 0.009996080187420238], [0.6804311840559638, 0.21674091461090916, 0.009996081099401068, 0.022038990567760628, 0.060796748566564314, 0.009996081099401068], [0.6784536925062231, 0.22776435256513552, 0.00999608117384849, 0.019985726614615226, 0.053804065966329306, 0.00999608117384849], [0.6872223615149454, 0.1902193657150888, 0.009996088776797278, 0.02314459837335055, 0.07942149684302063, 0.009996088776797278], [0.625288218693577, 0.25377816171749085, 0.009996080522433585, 0.022393419723038245, 0.07854803882102673, 0.009996080522433585], [0.6347127916846901, 0.25236428246093023, 0.009996081676368616, 0.019273225076302553, 0.07365753742534016, 0.009996081676368616], [0.6748834059825104, 0.23325476280455437, 0.009996079545311391, 0.026944681408627658, 0.04492499071368493, 0.009996079545311391], [0.7148840373108734, 0.19206518198360042, 0.009996085342905879, 0.019586535461569802, 0.05347207455814466, 0.009996085342905879], [0.7694300517632614, 0.14677214141700629, 0.009996081285519622, 0.014624019245320748, 0.049181625003372226, 0.009996081285519622], [0.7431411382206932, 0.169784303964659, 0.009996080466598025, 0.017627321754456932, 0.04945507512699489, 0.009996080466598025], [0.09008235808689326, 0.22497376808761765, 0.009996079461558068, 0.018634821601072087, 0.6463168933013008, 0.009996079461558068], [0.0831543455871636, 0.2371999836007745, 0.009996080140890611, 0.01808729742506831, 0.6415662131052124, 0.009996080140890611], [0.6093345019289241, 0.25502309539471935, 0.00999608120176627, 0.02761542011114083, 0.08803482016168311, 0.00999608120176627], [0.10938471974411884, 0.25732215897635163, 0.009996080364232838, 0.020900045750095905, 0.592400914800968, 0.009996080364232838], [0.13362043287837783, 0.22633266290466142, 0.009996079666288413, 0.017664028249176924, 0.602390716635207, 0.009996079666288413], [0.6555709773209034, 0.25362737576252276, 0.009996080829529174, 0.022413579483682725, 0.048395905773832855, 0.009996080829529174], [0.666064842696436, 0.2398866962008028, 0.00999607994546617, 0.019637400754379686, 0.054418900457449224, 0.00999607994546617], [0.6962581153067836, 0.1918215895460241, 0.00999607976865359, 0.02157594335026364, 0.07035219225962161, 0.00999607976865359], [0.1493211431838099, 0.1544899719258362, 0.009996080513127658, 0.023881816373916367, 0.6523149074901822, 0.009996080513127658], [0.7465598159855423, 0.15585472623212226, 0.009996080773693608, 0.020769712779118363, 0.05682358345582989, 0.009996080773693608], [0.6830427377065961, 0.22061692961367504, 0.009996081462332258, 0.020472563598538777, 0.05587560615652553, 0.009996081462332258], [0.09748480402785353, 0.22625436413530475, 0.009996080131584685, 0.016925305361965997, 0.6393433662117065, 0.009996080131584685], [0.6478805264233987, 0.2681389553106692, 0.00999608090397659, 0.019958161064231598, 0.04403019539374752, 0.00999608090397659], [0.4092886447677107, 0.3765188649452287, 0.00999608025256172, 0.027995154369033243, 0.16620517541290397, 0.00999608025256172], [0.12314951161327232, 0.23043830245374938, 0.009996079777959514, 0.021350672874371795, 0.6050693535026874, 0.009996079777959514], [0.6809047766302981, 0.22783141097562087, 0.009996079852406917, 0.018673876407719725, 0.05259777628154748, 0.009996079852406917], [0.7095083088829724, 0.19487916864276575, 0.00999608307225812, 0.020103880124278554, 0.05551647620546716, 0.00999608307225812], [0.7566709148401567, 0.15800862665343948, 0.009996074161836814, 0.010139696017143152, 0.05518861416558706, 0.009996074161836814], [0.7276534365720438, 0.17913244107166548, 0.009996079601146938, 0.017109259983880857, 0.056112703170115824, 0.009996079601146938], [0.6391544398024108, 0.21655532322763588, 0.009996079973383946, 0.025183927164846555, 0.09911414985833873, 0.009996079973383946], [0.5733890488923413, 0.17220054722406034, 0.15139121811404152, 0.023997222914568742, 0.06902295303980861, 0.009999009815179356], [0.95011876625803, 0.009976246748393995, 0.009976246748393995, 0.009976246748393995, 0.009976246748393995, 0.009976246748393995], [0.6261426442606137, 0.15982980543506092, 0.15106951277570768, 0.02568852069532118, 0.027270506478056945, 0.00999901035523951], [0.03571190742521651, 0.18462806610229432, 0.009996304092325072, 0.01424929503843266, 0.7454181232494064, 0.009996304092325072], [0.7429328052553492, 0.07802608464236645, 0.11560320492703684, 0.014800784848877403, 0.03863817232414828, 0.009998948002221997], [0.95011876625803, 0.009976246748393995, 0.009976246748393995, 0.009976246748393995, 0.009976246748393995, 0.009976246748393995]], [[0.95011876625803, 0.009976246748393995, 0.009976246748393995, 0.009976246748393995, 0.009976246748393995, 0.009976246748393995], [0.7644296859422366, 0.07426317883076027, 0.11763819383026342, 0.011215643412777383, 0.02245436388836395, 0.009998934095598613], [0.7240512848869453, 0.2095512989951348, 0.009996080815570282, 0.012599736140198877, 0.03380551834658061, 0.009996080815570282], [0.7051058869647704, 0.20938064532668188, 0.009996080606186926, 0.016994829483914765, 0.048526477012259296, 0.009996080606186926], [0.41811169281249555, 0.3502706859454153, 0.009996079722123963, 0.026026567084507932, 0.18559889471333316, 0.009996079722123963], [0.6660177815251007, 0.23087207147881733, 0.009996080410762468, 0.020814275144837694, 0.062303711029719475, 0.009996080410762468], [0.22788530968106388, 0.19012934258085046, 0.00999608025256172, 0.024877186446783557, 0.5371160007861787, 0.00999608025256172], [0.6463371033393902, 0.22042313354180462, 0.009996079731429889, 0.027039065245578957, 0.08620853841036644, 0.009996079731429889], [0.15632329710373452, 0.22844198469458657, 0.009996079675594337, 0.0190993261133669, 0.5761432327371233, 0.009996079675594337], [0.38453477375307826, 0.3836107813372596, 0.009996079489475842, 0.03082195157054491, 0.18104033436016545, 0.009996079489475842], [0.15936706924940955, 0.21810914698142392, 0.009996079731429889, 0.025064842194560153, 0.5774667821117466, 0.009996079731429889], [0.7538616212686277, 0.1673948079282231, 0.009996079461558068, 0.015619654285690862, 0.04313175759434214, 0.009996079461558068], [0.15248368384693864, 0.18079415159659448, 0.009996080085055056, 0.016589416746664993, 0.6301405876396918, 0.009996080085055056], [0.7369717681651852, 0.18241351377096376, 0.009996079470863993, 0.019571503656267336, 0.041051055465855885, 0.009996079470863993], [0.694044443430843, 0.22361188365062187, 0.00999607994546617, 0.020677249577593114, 0.04167426345000964, 0.00999607994546617], [0.5835613641261758, 0.319137444096756, 0.009996080066443203, 0.027987995709469707, 0.04932103593471216, 0.009996080066443203], [0.6158647887644717, 0.2788110687902895, 0.009996084607737026, 0.026946834826166274, 0.058385138403598706, 0.009996084607737026], [0.15823630419759738, 0.28066387122282865, 0.009996080289785427, 0.021485490678611385, 0.5196221733213918, 0.009996080289785427], [0.1290758070374326, 0.2121421859335537, 0.00999607997338395, 0.02128539616826166, 0.6175044509139843, 0.00999607997338395], [0.6267647386002878, 0.24810343868130094, 0.009996079973383946, 0.02421101971556283, 0.08092864305608058, 0.009996079973383946], [0.43259985974709403, 0.27480600499896696, 0.009996079601146941, 0.02560429578385729, 0.24699768026778798, 0.009996079601146941], [0.6805157801862732, 0.2157882130548229, 0.009996079954772096, 0.020364521157782943, 0.06333932569157678, 0.009996079954772096], [0.13121090966394816, 0.1889101639371605, 0.009996080047831354, 0.02281094980408807, 0.6370758164991407, 0.009996080047831354], [0.7381023215996864, 0.16329044909834894, 0.00999607956392324, 0.020860478510724933, 0.05775459166339318, 0.00999607956392324], [0.7428714082746263, 0.17941736741587505, 0.009996079991995798, 0.017859122817189585, 0.039859941508317474, 0.009996079991995798], [0.13893142084746463, 0.22431327652425015, 0.009996079954772098, 0.01620228530507925, 0.6005608574136619, 0.009996079954772098], [0.637224449053857, 0.2827558774450247, 0.009996079777959516, 0.019529474478477693, 0.040498039466721744, 0.009996079777959516], [0.17205916376070587, 0.2946560216175979, 0.009996079926854319, 0.0237487861705032, 0.4895438685974843, 0.009996079926854319], [0.653391600908019, 0.23941325297131155, 0.009996081332049263, 0.01907890426178938, 0.06812407919478154, 0.009996081332049263], [0.6992731045019437, 0.1956278966606786, 0.009996083053646259, 0.01844966679231787, 0.0666571659377674, 0.009996083053646259], [0.7654486794618558, 0.14296390995632643, 0.009996076822202661, 0.01814232445727069, 0.05345293248014178, 0.009996076822202661], [0.7031171314699647, 0.21012879938578413, 0.009996079107932947, 0.016852553657821213, 0.04990935727056417, 0.009996079107932947], [0.122769503679895, 0.21894215027130942, 0.009996080271173576, 0.02147331330867379, 0.6168228721977748, 0.009996080271173576], [0.5829250681426026, 0.3097892762954212, 0.009996079917548393, 0.022413078140045475, 0.06488041758683401, 0.009996079917548393], [0.3902858767886901, 0.15422939166780741, 0.19942852178029855, 0.03430664037299559, 0.2117505592211965, 0.009999010169011864], [0.95011876625803, 0.009976246748393995, 0.009976246748393995, 0.009976246748393995, 0.009976246748393995, 0.009976246748393995], [0.95011876625803, 0.009976246748393995, 0.009976246748393995, 0.009976246748393995, 0.009976246748393995, 0.009976246748393995], [0.042533304840553336, 0.079806773286535, 0.06642147333226836, 0.011220580028272193, 0.7900189627507969, 0.009998905761574212], [0.08961671032004208, 0.1142816348944535, 0.06193000210261925, 0.019750542632176536, 0.7044221810488001, 0.009998929001908555], [0.95011876625803, 0.009976246748393995, 0.009976246748393995, 0.009976246748393995, 0.009976246748393995, 0.009976246748393995]], [[0.95011876625803, 0.009976246748393995, 0.009976246748393995, 0.009976246748393995, 0.009976246748393995, 0.009976246748393995], [0.7793547864080482, 0.06002164189019621, 0.12212412496362965, 0.009997714747958205, 0.018504017242209556, 0.009997714747958205], [0.7304924780211263, 0.19276618073048138, 0.009996058523271565, 0.012332921797603688, 0.04441630240424568, 0.009996058523271565], [0.6839199932272529, 0.23698217590104448, 0.009996080215338017, 0.01843599962692443, 0.04066967081410208, 0.009996080215338017], [0.15907612815463765, 0.23820537472495243, 0.009996080308397277, 0.019624746796727908, 0.5631015897068874, 0.009996080308397277], [0.6755720949940505, 0.2235687680416194, 0.009996079852406916, 0.022575379447715076, 0.058291597811801196, 0.009996079852406916], [0.7281796388289145, 0.14449206563712402, 0.009996080150196535, 0.022079450362142098, 0.08525668487142629, 0.009996080150196535], [0.6748396240078838, 0.1676567967210408, 0.00999608025256172, 0.024273516456375502, 0.11323790230957648, 0.00999608025256172], [0.19271185650249834, 0.23127345478093128, 0.009996079601146938, 0.02211448640595833, 0.5339080431083181, 0.009996079601146938], [0.6776838138917701, 0.21582594468851754, 0.009996079787265442, 0.025189519834036677, 0.061308562011144985, 0.009996079787265442], [0.6974649681732545, 0.22125476169655373, 0.009996088488313086, 0.021827385031195443, 0.039460708122370014, 0.009996088488313086], [0.7210071967602342, 0.16842042298649065, 0.009996080634104705, 0.018199688074609408, 0.07238053091045629, 0.009996080634104705], [0.7443787011812061, 0.17586861333383513, 0.00999608023394987, 0.016064550941891537, 0.04369597407516757, 0.00999608023394987], [0.12946050285036473, 0.21758893317654074, 0.00999607980587729, 0.02092581988063989, 0.6120325844807, 0.00999607980587729], [0.6594676958697495, 0.27302632403992777, 0.009996079098627021, 0.015313188124224648, 0.03220063376884399, 0.009996079098627021], [0.6591710213414275, 0.23427414291733817, 0.0099960817042864, 0.02466018677148311, 0.06190248556117854, 0.0099960817042864], [0.4067481861509026, 0.342550782060096, 0.009996079973383946, 0.03339044813036296, 0.19731842371187053, 0.009996079973383946], [0.15651183434458463, 0.21723463534110335, 0.009996079526699541, 0.028442593617847893, 0.5778187776430651, 0.009996079526699541], [0.7145156716322729, 0.17008483313269285, 0.009996079954772096, 0.02041459266186327, 0.07499274266362674, 0.009996079954772096], [0.6838750092445129, 0.19208653064865286, 0.009996082048605777, 0.021008804080256224, 0.08303749192936626, 0.009996082048605777], [0.6853625193335834, 0.2150776777657582, 0.009996080457292101, 0.024237580983650742, 0.05533006100242353, 0.009996080457292101], [0.6887682510966606, 0.20624485414548938, 0.00999607982448914, 0.0178707364716259, 0.06712399863724583, 0.00999607982448914], [0.7237764294944055, 0.17588527752884506, 0.00999608001060765, 0.018049461972687135, 0.06229667098284704, 0.00999608001060765], [0.7172210228632526, 0.18715425633465946, 0.00999608042937432, 0.01896851300427109, 0.05666404693906813, 0.00999608042937432], [0.7537833996084092, 0.1612355404405141, 0.009996079303357351, 0.018374778908048933, 0.04661412243631307, 0.009996079303357351], [0.7177165449106855, 0.18323572028841112, 0.009996079377804746, 0.01873803746738389, 0.060317538577909925, 0.009996079377804746], [0.671920172911404, 0.22903043607450604, 0.009996080289785426, 0.023332620971003668, 0.05572460946351533, 0.009996080289785426], [0.6778268229647187, 0.23862783803572915, 0.009996079852406916, 0.017665514026385342, 0.0458876652683528, 0.009996079852406916], [0.6939740528142173, 0.21966693589770778, 0.009996080112972832, 0.019143554758106623, 0.04722329630402251, 0.009996080112972832], [0.7563842311647746, 0.17008837009713912, 0.00999608218819472, 0.016036388594968042, 0.037498845766728725, 0.00999608218819472], [0.7711048800157685, 0.15223654363881073, 0.009996076468577727, 0.017098154808985955, 0.03956826859927933, 0.009996076468577727], [0.7182614837454185, 0.19398958047353856, 0.009996081983464272, 0.02051779511249024, 0.04723897670162405, 0.009996081983464272], [0.6687261246323879, 0.24424136793122947, 0.009996080066443203, 0.02178521267991025, 0.045255134623585956, 0.009996080066443203], [0.09979305508622706, 0.2736221815629197, 0.00999608056896322, 0.018317603174291663, 0.5882749990386352, 0.00999608056896322], [0.657422463317462, 0.25017494656963907, 0.011673773590678805, 0.014241675219275359, 0.05648866462438519, 0.009998476678559612], [0.7678077666041287, 0.10000802461351453, 0.07009398135461692, 0.011269730817148117, 0.040821536761040444, 0.00999895984955132], [0.6901118802632898, 0.10378490886163, 0.11042780317609566, 0.031132773578641363, 0.05454362015228595, 0.009999013968057219], [0.95011876625803, 0.009976246748393995, 0.009976246748393995, 0.009976246748393995, 0.009976246748393995, 0.009976246748393995], [0.95011876625803, 0.009976246748393995, 0.009976246748393995, 0.009976246748393995, 0.009976246748393995, 0.009976246748393995], [0.95011876625803, 0.009976246748393995, 0.009976246748393995, 0.009976246748393995, 0.009976246748393995, 0.009976246748393995]], [[0.95011876625803, 0.009976246748393995, 0.009976246748393995, 0.009976246748393995, 0.009976246748393995, 0.009976246748393995], [0.8022789045032073, 0.08522497076090195, 0.0766828684899352, 0.009997579509228307, 0.015818097227498943, 0.009997579509228307], [0.06065100000481328, 0.17737470506547146, 0.009996082048605779, 0.016567649844787695, 0.7254144809877161, 0.009996082048605779], [0.6920327947682211, 0.18897474751483925, 0.009996087697308129, 0.029305069493132076, 0.06969521282919136, 0.009996087697308129], [0.6508904774110646, 0.18857277387137256, 0.009996081927628696, 0.028904527900603747, 0.1116400569617016, 0.009996081927628696], [0.5855676910396451, 0.1880984689039756, 0.00999608466357263, 0.03361256322450988, 0.17272910750472414, 0.00999608466357263], [0.7468446395518634, 0.12774353801745336, 0.009996082579043782, 0.01704008002570499, 0.08837957724689059, 0.009996082579043782], [0.23683547881890943, 0.18856973990996231, 0.00999607954531139, 0.0245416022283604, 0.530061019952145, 0.00999607954531139], [0.7443126645234848, 0.1549359096271355, 0.009996079973383946, 0.020814786502586932, 0.05994447940002489, 0.009996079973383946], [0.703194379330522, 0.19624285665765404, 0.009996084831079449, 0.023589423287207065, 0.05698117106245799, 0.009996084831079449], [0.7442176666796206, 0.17926234792610563, 0.009996079531352505, 0.013930644329010927, 0.04259718200255788, 0.009996079531352505], [0.7570857693719191, 0.1593519811109687, 0.009996079703512115, 0.018182442023051224, 0.04538764808703694, 0.009996079703512115], [0.09394964454724263, 0.1542180059593244, 0.00999607996407802, 0.017295867593759156, 0.7145443219715177, 0.00999607996407802], [0.737101124942026, 0.19213008872358953, 0.009996080001301724, 0.015814980252391902, 0.03496164607938909, 0.009996080001301724], [0.6706927092367702, 0.23985520597014462, 0.009996080187420238, 0.02199726032239221, 0.047462664095852515, 0.009996080187420238], [0.0832516616408278, 0.2795828403788369, 0.00999607944294622, 0.01916511963231715, 0.5980082194621258, 0.00999607944294622], [0.12903594962860104, 0.21411691388537704, 0.009996080010607651, 0.021999523805033783, 0.6148554526597729, 0.009996080010607651], [0.11022362994700914, 0.2031620463543917, 0.00999607963837064, 0.021139178688165592, 0.6454829857336924, 0.00999607963837064], [0.7284329769122604, 0.16771280954278858, 0.009996079303357351, 0.017339838160856658, 0.06652221677737964, 0.009996079303357351], [0.728998471775855, 0.15897462223778427, 0.009996081685674545, 0.02004984176055307, 0.07198490085445872, 0.009996081685674545], [0.7073332523487438, 0.19371642695201322, 0.009996079740735813, 0.018643574235241555, 0.06031458698252984, 0.009996079740735813], [0.4108580363778187, 0.2746895255841763, 0.00999608021533802, 0.02867474233685196, 0.26578553527047705, 0.00999608021533802], [0.6990705643170051, 0.186545350594749, 0.00999608009436098, 0.01910918926689514, 0.07528273563262879, 0.00999608009436098], [0.14606002248755184, 0.1848345562006388, 0.009996079917548396, 0.018167562569751116, 0.6309456989069616, 0.009996079917548396], [0.7518108480332473, 0.16010154773291857, 0.009996080047831351, 0.019894946258382385, 0.048200497879789056, 0.009996080047831351], [0.7636271703947477, 0.1588265808404235, 0.009996080224643943, 0.01500703782071129, 0.04254705049482958, 0.009996080224643943], [0.7468959109596915, 0.17461444484125543, 0.009996076449965887, 0.019729395352613935, 0.038768095946507285, 0.009996076449965887], [0.6898533414213351, 0.20493252107168686, 0.00999607975004174, 0.023225989212197314, 0.0619959887946973, 0.00999607975004174], [0.12364575257857473, 0.16912861549286715, 0.00999607946155807, 0.01584227386995453, 0.6713911991354875, 0.00999607946155807], [0.7951593133074211, 0.1366386357698651, 0.009996079489475842, 0.013573614535602947, 0.0346362774081592, 0.009996079489475842], [0.7770401959969545, 0.14090812367232394, 0.009996077743488796, 0.01794548172792759, 0.04411404311581637, 0.009996077743488796], [0.7301355640424378, 0.18222566269607676, 0.009996076180094245, 0.01972909598272244, 0.04791752491857447, 0.009996076180094245], [0.6966913662138164, 0.21173604785258007, 0.009996079759347666, 0.02222857536080208, 0.049351851054106145, 0.009996079759347666], [0.6721166514251959, 0.24201129353002643, 0.009996081313437407, 0.01769911693639523, 0.048180775481507496, 0.009996081313437407], [0.6920797840110045, 0.22988574643459891, 0.00999634616716713, 0.01787585684683606, 0.040165920373226346, 0.00999634616716713], [0.7494529676564539, 0.18431139135071736, 0.009996085864038296, 0.014331808792570976, 0.03191166047218105, 0.009996085864038296], [0.7268547911493831, 0.07989199578350231, 0.034629370453398006, 0.017557850920047923, 0.13106744755157845, 0.00999854414209028], [0.95011876625803, 0.009976246748393995, 0.009976246748393995, 0.009976246748393995, 0.009976246748393995, 0.009976246748393995], [0.95011876625803, 0.009976246748393995, 0.009976246748393995, 0.009976246748393995, 0.009976246748393995, 0.009976246748393995], [0.95011876625803, 0.009976246748393995, 0.009976246748393995, 0.009976246748393995, 0.009976246748393995, 0.009976246748393995]], [[0.95011876625803, 0.009976246748393995, 0.009976246748393995, 0.009976246748393995, 0.009976246748393995, 0.009976246748393995], [0.8003322194874546, 0.06296426305381621, 0.10281429061098435, 0.009997770551039384, 0.013893685745666073, 0.009997770551039384], [0.04409453138498641, 0.15936038796313642, 0.0099960823370896, 0.01613917051843312, 0.760413745459265, 0.0099960823370896], [0.6851078252201845, 0.18448104155684053, 0.009996081778733833, 0.0380689424209089, 0.07235002724459844, 0.009996081778733833], [0.21023676815983844, 0.19932962976589597, 0.009996080959812156, 0.03982874297235149, 0.5306126971822899, 0.009996080959812156], [0.3089626576561003, 0.19634593944889808, 0.009996082802386118, 0.02342774167088803, 0.45127149561934127, 0.009996082802386118], [0.6162504926014002, 0.23586332489868603, 0.00999608068063434, 0.037959182219288595, 0.08993483891935647, 0.00999608068063434], [0.6220308284153695, 0.1811579565870246, 0.009996085259152456, 0.023234762944910208, 0.15358428153439055, 0.009996085259152456], [0.1852077626867428, 0.16868720287358469, 0.009996079787265442, 0.0331155990689297, 0.592997275796212, 0.009996079787265442], [0.7388338512956536, 0.15590723273102203, 0.009996080047831354, 0.017442718061737437, 0.0678240378159243, 0.009996080047831354], [0.7881461585422308, 0.12614929853035825, 0.009996079973383946, 0.016036474413738757, 0.04967590856690424, 0.009996079973383946], [0.08447381428840248, 0.15678028963640667, 0.009996079684900263, 0.01211134610315898, 0.7266423906022313, 0.009996079684900263], [0.06765469760582542, 0.15792011894712393, 0.009996079387110671, 0.014834054035506793, 0.7395989706373225, 0.009996079387110671], [0.11632191040703428, 0.15629974457837034, 0.009996079703512113, 0.017232023685955413, 0.6901541619216157, 0.009996079703512113], [0.7633889347850161, 0.16883445067087752, 0.00999607996407802, 0.01553868980443332, 0.032245764811516996, 0.00999607996407802], [0.7431845781749246, 0.1769308887636333, 0.009996080317703205, 0.022037083248213105, 0.037855289177822646, 0.009996080317703205], [0.72227854746727, 0.1746735673290627, 0.009996080382844687, 0.02058681136991038, 0.06246891306806746, 0.009996080382844687], [0.09791401434597212, 0.13529940327599696, 0.009996079824489142, 0.02108030964223434, 0.7257141130868184, 0.009996079824489142], [0.14847816350980414, 0.1298617132332873, 0.009996080233949869, 0.017702474117693354, 0.6839654886713155, 0.009996080233949869], [0.7477063981679299, 0.14623067600807768, 0.00999607965698249, 0.019455207230341814, 0.06661555927968565, 0.00999607965698249], [0.6994098861348803, 0.18706311238284964, 0.009996080038525425, 0.023135013689351214, 0.07039982771586792, 0.009996080038525425], [0.7051717089955002, 0.20270598553025224, 0.009996081667062685, 0.017541998612862042, 0.05458814352726014, 0.009996081667062685], [0.7076861605040488, 0.20900789871856765, 0.009995987263960419, 0.01525989861610054, 0.0480540676333624, 0.009995987263960419], [0.705080133027266, 0.2098580583453068, 0.009996079591841013, 0.01622806696639742, 0.04884158247734776, 0.009996079591841013], [0.11783317860714772, 0.19507853672169745, 0.009996079796571366, 0.01844492974401708, 0.6486511953339951, 0.009996079796571366], [0.7443815488011604, 0.16279148364340956, 0.009996079982689874, 0.019114832116059424, 0.053719975473990975, 0.009996079982689874], [0.7848380993382797, 0.13307470563722015, 0.009996076561636917, 0.016138572720972823, 0.04595646918025345, 0.009996076561636917], [0.7804363554955344, 0.1256698157259511, 0.009996079777959514, 0.017356516873973615, 0.056545152348621855, 0.009996079777959514], [0.7938732615683213, 0.1244431664778497, 0.009996079991995798, 0.018274464610034017, 0.043416947359803316, 0.009996079991995798], [0.7967775754200699, 0.12375981818394102, 0.009996080420068394, 0.0192832